timestamp,accX,accY,accZ,gyroX,gyroY,gyroZ,magX,magY,magZ,roll,pitch,yaw
1768034099111,-1.246582,-0.0546875,0.008300781,-11.413574,5.7373047,2.0141602,0.0,0.0,0.0,-25.142212,76.81091,-53.981323
1768034099122,-1.246582,-0.0546875,0.008300781,-11.413574,5.7373047,2.0141602,0.0,0.0,0.0,-25.246582,76.81091,-52.734375
1768034099210,-1.1416016,-0.013671875,0.20898438,-3.112793,43.5791,1.0986328,0.0,0.0,0.0,-25.246582,76.81091,-52.734375
1768034099222,-1.1416016,-0.013671875,0.20898438,-3.112793,43.5791,1.0986328,0.0,0.0,0.0,-34.01367,79.920044,-61.26526
1768034099310,-0.70654297,-0.13623047,0.24316406,3.9672852,23.742676,10.681152,0.0,0.0,0.0,-34.01367,79.920044,-61.26526
1768034099322,-0.70654297,-0.13623047,0.24316406,3.9672852,23.742676,10.681152,0.0,0.0,0.0,-44.225464,82.69409,-71.81763
1768034099411,-1.0327148,-0.0043945312,0.24072266,-26.123047,-72.32666,19.042969,0.0,0.0,0.0,-44.225464,82.69409,-71.81763
1768034099421,-1.0327148,-0.0043945312,0.24072266,-26.123047,-72.32666,19.042969,0.0,0.0,0.0,-33.112793,81.38672,-59.430542
1768034099509,-0.89746094,-0.053710938,-0.008300781,19.226074,-5.859375,2.2583008,0.0,0.0,0.0,-33.112793,81.38672,-59.430542
1768034099521,-0.89746094,-0.053710938,-0.008300781,19.226074,-5.859375,2.2583008,0.0,0.0,0.0,-7.0806885,74.558716,-31.409912
1768034099609,-0.9765625,-0.08886719,0.2109375,17.76123,12.390137,-7.5683594,0.0,0.0,0.0,-7.0806885,74.558716,-31.409912
1768034099621,-0.9765625,-0.08886719,0.2109375,17.76123,12.390137,-7.5683594,0.0,0.0,0.0,-11.25,77.39868,-37.886353
1768034099709,-1.1704102,-0.171875,0.06933594,2.6245117,12.573242,-3.4179688,0.0,0.0,0.0,-11.25,77.39868,-37.886353
1768034099720,-1.1704102,-0.171875,0.06933594,2.6245117,12.573242,-3.4179688,0.0,0.0,0.0,-10.596313,77.33276,-37.386475
1768034099808,-1.2441406,-0.1171875,0.18701172,-18.676758,32.714844,-1.159668,0.0,0.0,0.0,-10.596313,77.33276,-37.386475
1768034099820,-1.2441406,-0.1171875,0.18701172,-18.676758,32.714844,-1.159668,0.0,0.0,0.0,-16.622314,80.15625,-42.681885
1768034099908,-0.7109375,0.08105469,0.26171875,17.700195,23.4375,-10.986328,0.0,0.0,0.0,-16.622314,80.15625,-42.681885
1768034099920,-0.7109375,0.08105469,0.26171875,17.700195,23.4375,-10.986328,0.0,0.0,0.0,-26.949463,81.919556,-52.695923
1768034100008,-0.9873047,-0.16064453,0.26464844,58.34961,-18.066406,-20.568848,0.0,0.0,0.0,-26.949463,81.919556,-52.695923
1768034100020,-0.9873047,-0.16064453,0.26464844,58.34961,-18.066406,-20.568848,0.0,0.0,0.0,-43.961792,82.474365,-73.43811
1768034100108,-0.85839844,-0.11425781,-0.068359375,-2.0751953,-12.145996,4.211426,0.0,0.0,0.0,-43.961792,82.474365,-73.43811
1768034100119,-0.85839844,-0.11425781,-0.068359375,-2.0751953,-12.145996,4.211426,0.0,0.0,0.0,-21.758423,76.36597,-49.405518
1768034100207,-0.9868164,-0.05859375,0.1743164,-20.690918,-12.145996,3.2348633,0.0,0.0,0.0,-21.758423,76.36597,-49.405518
1768034100219,-0.9868164,-0.05859375,0.1743164,-20.690918,-12.145996,3.2348633,0.0,0.0,0.0,-27.333984,78.10181,-54.86023
1768034100307,-1.2099609,-0.024414062,0.063964844,-10.803223,10.253906,1.6479492,0.0,0.0,0.0,-27.333984,78.10181,-54.86023
1768034100318,-1.2099609,-0.024414062,0.063964844,-10.803223,10.253906,1.6479492,0.0,0.0,0.0,-27.174683,77.821655,-52.69043
1768034100407,-1.1972656,-0.021484375,0.10644531,3.7231445,41.748047,0.061035156,0.0,0.0,0.0,-27.174683,77.821655,-52.69043
1768034100418,-1.1972656,-0.021484375,0.10644531,3.7231445,41.748047,0.061035156,0.0,0.0,0.0,-30.454102,79.80469,-55.71167
1768034100506,-0.7373047,-0.18457031,0.23486328,-6.0424805,22.033691,5.432129,0.0,0.0,0.0,-30.454102,79.80469,-55.71167
1768034100518,-0.7373047,-0.18457031,0.23486328,-6.0424805,22.033691,5.432129,0.0,0.0,0.0,-34.66736,82.44141,-59.699707
1768034100606,-0.99560547,-0.07519531,0.20605469,-14.099121,-28.381348,2.8686523,0.0,0.0,0.0,-34.66736,82.44141,-59.699707
1768034100618,-0.99560547,-0.07519531,0.20605469,-14.099121,-28.381348,2.8686523,0.0,0.0,0.0,-45.422974,83.325806,-69.8291
1768034100706,-0.8808594,0.125,-0.0390625,7.2021484,-25.20752,13.671875,0.0,0.0,0.0,-45.422974,83.325806,-69.8291
1768034100717,-0.8808594,0.125,-0.0390625,7.2021484,-25.20752,13.671875,0.0,0.0,0.0,-9.1571045,77.73926,-30.26184
1768034100806,-0.9506836,-0.068847656,0.16357422,24.108887,13.122559,-6.652832,0.0,0.0,0.0,-9.1571045,77.73926,-30.26184
1768034100817,-0.9506836,-0.068847656,0.16357422,24.108887,13.122559,-6.652832,0.0,0.0,0.0,-8.256226,79.82666,-31.349487
1768034100905,-1.1870117,-0.13916016,0.080566406,13.427734,10.131836,-10.7421875,0.0,0.0,0.0,-8.256226,79.82666,-31.349487
1768034100917,-1.1870117,-0.13916016,0.080566406,13.427734,10.131836,-10.7421875,0.0,0.0,0.0,-9.624023,79.99695,-34.58496
1768034101005,-1.2265625,-0.10205078,0.11767578,-16.601562,47.24121,0.91552734,0.0,0.0,0.0,-9.624023,79.99695,-34.58496
1768034101016,-1.2265625,-0.10205078,0.11767578,-16.601562,47.24121,0.91552734,0.0,0.0,0.0,-17.506714,82.27661,-42.648926
1768034101105,-0.74316406,0.029296875,0.21142578,1.4648438,10.437012,-9.155273,0.0,0.0,0.0,-17.506714,82.27661,-42.648926
1768034101116,-0.74316406,0.029296875,0.21142578,1.4648438,10.437012,-9.155273,0.0,0.0,0.0,-33.05237,83.99597,-57.156372
1768034101204,-0.9951172,-0.08544922,0.24169922,32.958984,-21.66748,-10.498047,0.0,0.0,0.0,-33.05237,83.99597,-57.156372
1768034101216,-0.9951172,-0.08544922,0.24169922,32.958984,-21.66748,-10.498047,0.0,0.0,0.0,-42.703857,84.09485,-68.40088
1768034101304,-0.87890625,-0.05078125,-0.029296875,-7.385254,-3.7841797,-4.5776367,0.0,0.0,0.0,-42.703857,84.09485,-68.40088
1768034101316,-0.87890625,-0.05078125,-0.029296875,-7.385254,-3.7841797,-4.5776367,0.0,0.0,0.0,-19.682007,78.67859,-44.318848
1768034101404,-0.9423828,-0.033691406,0.1459961,-11.230469,-22.583008,0.91552734,0.0,0.0,0.0,-19.682007,78.67859,-44.318848
1768034101415,-0.9423828,-0.033691406,0.1459961,-11.230469,-22.583008,0.91552734,0.0,0.0,0.0,-24.884033,79.57947,-49.152832
1768034101504,-1.1411133,-0.05029297,0.03515625,-15.014648,15.258789,-0.24414062,0.0,0.0,0.0,-24.884033,79.57947,-49.152832
1768034101515,-1.1411133,-0.05029297,0.03515625,-15.014648,15.258789,-0.24414062,0.0,0.0,0.0,-21.505737,78.343506,-44.29138
1768034101603,-1.2719727,0.038085938,0.09326172,5.3710938,24.353027,0.061035156,0.0,0.0,0.0,-21.505737,78.343506,-44.29138
1768034101615,-1.2719727,0.038085938,0.09326172,5.3710938,24.353027,0.061035156,0.0,0.0,0.0,-26.411133,80.128784,-48.911133
1768034101703,-0.74609375,-0.16748047,0.2133789,3.8452148,24.169922,1.2817383,0.0,0.0,0.0,-26.411133,80.128784,-48.911133
1768034101714,-0.74609375,-0.16748047,0.2133789,3.8452148,24.169922,1.2817383,0.0,0.0,0.0,-32.574463,82.40845,-55.739136
1768034101803,-0.8569336,-0.19335938,0.35839844,7.2631836,14.282227,-6.225586,0.0,0.0,0.0,-32.574463,82.40845,-55.739136
1768034101814,-0.8569336,-0.19335938,0.35839844,7.2631836,14.282227,-6.225586,0.0,0.0,0.0,-46.818237,83.68286,-69.86755
1768034101903,-0.8876953,-0.025878906,0.026367188,1.5258789,-102.05078,37.963867,0.0,0.0,0.0,-46.818237,83.68286,-69.86755
1768034101914,-0.8876953,-0.025878906,0.026367188,1.5258789,-102.05078,37.963867,0.0,0.0,0.0,-11.881714,77.56348,-32.887573
1768034102002,-0.84375,-0.119628906,0.15234375,30.944824,36.743164,-16.357422,0.0,0.0,0.0,-11.881714,77.56348,-32.887573
1768034102014,-0.84375,-0.119628906,0.15234375,30.944824,36.743164,-16.357422,0.0,0.0,0.0,-14.348145,78.87085,-37.770996
1768034102102,-1.0878906,-0.12792969,0.15722656,5.3100586,-8.911133,-1.3427734,0.0,0.0,0.0,-14.348145,78.87085,-37.770996
1768034102114,-1.0878906,-0.12792969,0.15722656,5.3100586,-8.911133,-1.3427734,0.0,0.0,0.0,-18.001099,79.12903,-43.049927
1768034102202,-1.2729492,-0.049316406,0.06640625,-12.512207,39.30664,2.380371,0.0,0.0,0.0,-18.001099,79.12903,-43.049927
1768034102213,-1.2729492,-0.049316406,0.06640625,-12.512207,39.30664,2.380371,0.0,0.0,0.0,-25.12024,81.04065,-50.614014
1768034102302,-0.94091797,-0.04296875,0.18310547,-13.122559,10.314941,-6.225586,0.0,0.0,0.0,-25.12024,81.04065,-50.614014
1768034102314,-0.94091797,-0.04296875,0.18310547,-13.122559,10.314941,-6.225586,0.0,0.0,0.0,-41.330566,83.38074,-65.54993
1768034102401,-0.82666016,0.037109375,0.3623047,30.517578,16.052246,-6.3476562,0.0,0.0,0.0,-41.330566,83.38074,-65.54993
1768034102412,-0.82666016,0.037109375,0.3623047,30.517578,16.052246,-6.3476562,0.0,0.0,0.0,-49.240723,83.984985,-74.0863
1768034102501,-0.89990234,-0.23095703,-0.017089844,-5.7373047,-83.12988,5.065918,0.0,0.0,0.0,-49.240723,83.984985,-74.0863
1768034102513,-0.89990234,-0.23095703,-0.017089844,-5.7373047,-83.12988,5.065918,0.0,0.0,0.0,-22.428589,79.04114,-47.669678
1768034102600,-0.8486328,-0.045410156,0.16259766,2.5634766,9.887695,-2.5634766,0.0,0.0,0.0,-22.428589,79.04114,-47.669678
1768034102612,-0.8486328,-0.045410156,0.16259766,2.5634766,9.887695,-2.5634766,0.0,0.0,0.0,-27.421875,79.82666,-53.234253
1768034102700,-1.034668,-0.07373047,0.03857422,-13.183594,19.836426,1.5869141,0.0,0.0,0.0,-27.421875,79.82666,-53.234253
1768034102712,-1.034668,-0.07373047,0.03857422,-13.183594,19.836426,1.5869141,0.0,0.0,0.0,-25.43335,79.35425,-49.718628
1768034102800,-1.300293,-0.0024414062,-0.06738281,-2.8686523,-7.5683594,3.6010742,0.0,0.0,0.0,-25.43335,79.35425,-49.718628
1768034102811,-1.300293,-0.0024414062,-0.06738281,-2.8686523,-7.5683594,3.6010742,0.0,0.0,0.0,-26.768188,80.288086,-50.29541
1768034102899,-1.0419922,-0.09423828,0.2319336,4.3945312,14.831543,5.7373047,0.0,0.0,0.0,-26.768188,80.288086,-50.29541
1768034102911,-1.0419922,-0.09423828,0.2319336,4.3945312,14.831543,5.7373047,0.0,0.0,0.0,-33.986206,82.63367,-58.216553
1768034102999,-0.7524414,-0.15966797,0.27148438,-9.155273,14.343262,4.5776367,0.0,0.0,0.0,-33.986206,82.63367,-58.216553
1768034103011,-0.7524414,-0.15966797,0.27148438,-9.155273,14.343262,4.5776367,0.0,0.0,0.0,-36.150513,83.84766,-59.869995
1768034103100,-1.0268555,0.06933594,0.17041016,-37.17041,-87.82959,23.254395,0.0,0.0,0.0,-36.150513,83.84766,-59.869995
1768034103111,-1.0268555,0.06933594,0.17041016,-37.17041,-87.82959,23.254395,0.0,0.0,0.0,-21.807861,80.83191,-43.73108
1768034103199,-0.88623047,-0.092285156,0.07861328,13.305664,22.766113,-1.8310547,0.0,0.0,0.0,-21.807861,80.83191,-43.73108
1768034103210,-0.88623047,-0.092285156,0.07861328,13.305664,22.766113,-1.8310547,0.0,0.0,0.0,-8.580322,78.013916,-30.629883
1768034103299,-0.9423828,-0.049316406,0.123046875,22.460938,4.699707,-0.7324219,0.0,0.0,0.0,-8.580322,78.013916,-30.629883
1768034103310,-0.9423828,-0.049316406,0.123046875,22.460938,4.699707,-0.7324219,0.0,0.0,0.0,-10.6073,79.3927,-34.837646
1768034103398,-1.2514648,-0.20654297,0.033203125,7.385254,6.8359375,-4.5166016,0.0,0.0,0.0,-10.6073,79.3927,-34.837646
1768034103410,-1.2514648,-0.20654297,0.033203125,7.385254,6.8359375,-4.5166016,0.0,0.0,0.0,-13.145142,80.76599,-39.16626
1768034103498,-1.1640625,-0.03173828,0.20654297,-12.878418,27.526855,-12.084961,0.0,0.0,0.0,-13.145142,80.76599,-39.16626
1768034103509,-1.1640625,-0.03173828,0.20654297,-12.878418,27.526855,-12.084961,0.0,0.0,0.0,-21.670532,83.204956,-46.367798
1768034103597,-0.7192383,0.05859375,0.28222656,21.850586,14.770508,-8.728027,0.0,0.0,0.0,-21.670532,83.204956,-46.367798
1768034103609,-0.7192383,0.05859375,0.28222656,21.850586,14.770508,-8.728027,0.0,0.0,0.0,-33.552246,84.02344,-58.74939
1768034103697,-1.0004883,-0.1508789,0.16259766,7.1411133,-69.45801,-4.0283203,0.0,0.0,0.0,-33.552246,84.02344,-58.74939
1768034103709,-1.0004883,-0.1508789,0.16259766,7.1411133,-69.45801,-4.0283203,0.0,0.0,0.0,-29.932251,81.90857,-57.76062
1768034103797,-0.90185547,-0.026367188,0.07714844,-0.61035156,11.413574,-6.591797,0.0,0.0,0.0,-29.932251,81.90857,-57.76062
1768034103808,-0.90185547,-0.026367188,0.07714844,-0.61035156,11.413574,-6.591797,0.0,0.0,0.0,-20.352173,77.51404,-47.279663
1768034103897,-0.94628906,-0.051757812,0.13232422,-19.042969,-13.244629,6.1035156,0.0,0.0,0.0,-20.352173,77.51404,-47.279663
1768034103908,-0.94628906,-0.051757812,0.13232422,-19.042969,-13.244629,6.1035156,0.0,0.0,0.0,-21.258545,77.805176,-47.285156
1768034103996,-1.2919922,-0.043945312,0.0014648438,-6.958008,-1.0986328,-3.3569336,0.0,0.0,0.0,-21.258545,77.805176,-47.285156
1768034104008,-1.2919922,-0.043945312,0.0014648438,-6.958008,-1.0986328,-3.3569336,0.0,0.0,0.0,-20.813599,77.65686,-45.69214
1768034104096,-1.1430664,-0.099609375,0.28515625,-5.065918,40.771484,7.873535,0.0,0.0,0.0,-20.813599,77.65686,-45.69214
1768034104108,-1.1430664,-0.099609375,0.28515625,-5.065918,40.771484,7.873535,0.0,0.0,0.0,-27.855835,80.68359,-52.789307
1768034104196,-0.71435547,-0.111328125,0.2529297,-7.019043,15.014648,10.925293,0.0,0.0,0.0,-27.855835,80.68359,-52.789307
1768034104207,-0.71435547,-0.111328125,0.2529297,-7.019043,15.014648,10.925293,0.0,0.0,0.0,-34.98047,83.12256,-59.935913
1768034104296,-0.9873047,0.08105469,0.18408203,-24.658203,-87.890625,14.831543,0.0,0.0,0.0,-34.98047,83.12256,-59.935913
1768034104307,-0.9873047,0.08105469,0.18408203,-24.658203,-87.890625,14.831543,0.0,0.0,0.0,-20.98938,80.859375,-44.467163
1768034104395,-0.9213867,-0.1616211,0.078125,23.4375,14.282227,-7.5683594,0.0,0.0,0.0,-20.98938,80.859375,-44.467163
1768034104407,-0.9213867,-0.1616211,0.078125,23.4375,14.282227,-7.5683594,0.0,0.0,0.0,-6.130371,75.47058,-30.179443
1768034104495,-0.9663086,-0.13330078,0.21044922,7.9345703,6.0424805,-4.3945312,0.0,0.0,0.0,-6.130371,75.47058,-30.179443
1768034104506,-0.9663086,-0.13330078,0.21044922,7.9345703,6.0424805,-4.3945312,0.0,0.0,0.0,-10.783081,77.66785,-37.58423
1768034104595,-1.2270508,-0.171875,0.09814453,-0.12207031,2.6245117,-2.8076172,0.0,0.0,0.0,-10.783081,77.66785,-37.58423
1768034104606,-1.2270508,-0.171875,0.09814453,-0.12207031,2.6245117,-2.8076172,0.0,0.0,0.0,-11.991577,77.88208,-39.138794
1768034104694,-1.1704102,-0.087890625,0.21777344,-20.996094,41.44287,-2.9907227,0.0,0.0,0.0,-11.991577,77.88208,-39.138794
1768034104706,-1.1704102,-0.087890625,0.21777344,-20.996094,41.44287,-2.9907227,0.0,0.0,0.0,-18.099976,80.60669,-44.137573
1768034104794,-0.7451172,0.10107422,0.32763672,24.169922,38.69629,-1.953125,0.0,0.0,0.0,-18.099976,80.60669,-44.137573
1768034104805,-0.7451172,0.10107422,0.32763672,24.169922,38.69629,-1.953125,0.0,0.0,0.0,-33.64563,83.46863,-59.996338
1768034104894,-1.0751953,-0.12402344,0.15673828,-5.126953,-82.94678,8.239746,0.0,0.0,0.0,-33.64563,83.46863,-59.996338
1768034104905,-1.0751953,-0.12402344,0.15673828,-5.126953,-82.94678,8.239746,0.0,0.0,0.0,-28.66333,82.732544,-57.579346
1768034104993,-0.8256836,0.0034179688,0.071777344,-0.12207031,42.96875,-6.5307617,0.0,0.0,0.0,-28.66333,82.732544,-57.579346
1768034105005,-0.8256836,0.0034179688,0.071777344,-0.12207031,42.96875,-6.5307617,0.0,0.0,0.0,-17.95166,78.480835,-45.977783
1768034105093,-1.0048828,-0.053222656,0.05419922,-21.911621,-25.6958,8.056641,0.0,0.0,0.0,-17.95166,78.480835,-45.977783
1768034105104,-1.0048828,-0.053222656,0.05419922,-21.911621,-25.6958,8.056641,0.0,0.0,0.0,-19.714966,79.63989,-46.99402
1768034105193,-1.1665039,0.005859375,0.07519531,-3.7231445,1.3427734,2.1972656,0.0,0.0,0.0,-19.714966,79.63989,-46.99402
1768034105204,-1.1665039,0.005859375,0.07519531,-3.7231445,1.3427734,2.1972656,0.0,0.0,0.0,-20.159912,80.650635,-46.56555
1768034105292,-1.2084961,-0.068359375,0.19384766,19.592285,31.555176,1.7089844,0.0,0.0,0.0,-20.159912,80.650635,-46.56555
1768034105305,-1.2084961,-0.068359375,0.19384766,19.592285,31.555176,1.7089844,0.0,0.0,0.0,-22.549438,81.9635,-49.993286
1768034105392,-0.7109375,-0.10449219,0.21777344,-5.004883,10.375977,7.9956055,0.0,0.0,0.0,-22.549438,81.9635,-49.993286
1768034105404,-0.7109375,-0.10449219,0.21777344,-5.004883,10.375977,7.9956055,0.0,0.0,0.0,-26.592407,83.809204,-54.887695
1768034105492,-0.9970703,0.043945312,0.24365234,-5.493164,-52.856445,7.8125,0.0,0.0,0.0,-26.592407,83.809204,-54.887695
1768034105503,-0.9970703,0.043945312,0.24365234,-5.493164,-52.856445,7.8125,0.0,0.0,0.0,-18.69873,83.33679,-46.065674
1768034105592,-0.9692383,-0.060546875,-9.765625E-4,23.07129,-2.1972656,4.3945312,0.0,0.0,0.0,-18.69873,83.33679,-46.065674
1768034105603,-0.9692383,-0.060546875,-9.765625E-4,23.07129,-2.1972656,4.3945312,0.0,0.0,0.0,-0.5053711,76.71753,-27.163696
1768034105695,-0.94873047,-0.06738281,0.171875,17.76123,7.3242188,-5.1879883,0.0,0.0,0.0,-0.5053711,76.71753,-27.163696
1768034105703,-0.94873047,-0.06738281,0.171875,17.76123,7.3242188,-5.1879883,0.0,0.0,0.0,-0.670166,78.689575,-29.712524
1768034105791,-1.1157227,-0.06298828,0.14111328,10.986328,7.019043,-3.2348633,0.0,0.0,0.0,-0.670166,78.689575,-29.712524
1768034105803,-1.1157227,-0.06298828,0.14111328,10.986328,7.019043,-3.2348633,0.0,0.0,0.0,-2.477417,79.44214,-33.07434
1768034105891,-1.222168,-0.15576172,0.118652344,-21.30127,48.217773,-1.953125,0.0,0.0,0.0,-2.477417,79.44214,-33.07434
1768034105902,-1.222168,-0.15576172,0.118652344,-21.30127,48.217773,-1.953125,0.0,0.0,0.0,-4.5098877,81.02966,-35.441895
1768034105990,-0.88964844,0.06738281,0.18261719,1.953125,1.0375977,-8.911133,0.0,0.0,0.0,-4.5098877,81.02966,-35.441895
1768034106002,-0.88964844,0.06738281,0.18261719,1.953125,1.0375977,-8.911133,0.0,0.0,0.0,-17.166138,83.04016,-47.09839
1768034106090,-0.8203125,0.037597656,0.34228516,34.851074,6.7749023,-24.291992,0.0,0.0,0.0,-17.166138,83.04016,-47.09839
1768034106102,-0.8203125,0.037597656,0.34228516,34.851074,6.7749023,-24.291992,0.0,0.0,0.0,-27.246094,82.39746,-59.02954
1768034106190,-0.9165039,-0.16357422,0.07519531,-10.925293,-84.106445,3.479004,0.0,0.0,0.0,-27.246094,82.39746,-59.02954
1768034106201,-0.9165039,-0.16357422,0.07519531,-10.925293,-84.106445,3.479004,0.0,0.0,0.0,-15.946655,76.93176,-48.427734
1768034106289,-0.91552734,-0.036132812,0.15966797,-7.6904297,15.319824,0.4272461,0.0,0.0,0.0,-15.946655,76.93176,-48.427734
1768034106301,-0.91552734,-0.036132812,0.15966797,-7.6904297,15.319824,0.4272461,0.0,0.0,0.0,-18.588867,77.03613,-51.069946
1768034106389,-1.0297852,-0.08203125,0.1508789,-12.756348,1.7700195,3.479004,0.0,0.0,0.0,-18.588867,77.03613,-51.069946
1768034106401,-1.0297852,-0.08203125,0.1508789,-12.756348,1.7700195,3.479004,0.0,0.0,0.0,-16.781616,76.761475,-48.2135
1768034106489,-1.2827148,-0.0703125,0.033691406,-8.972168,24.658203,4.8217773,0.0,0.0,0.0,-16.781616,76.761475,-48.2135
1768034106500,-1.2827148,-0.0703125,0.033691406,-8.972168,24.658203,4.8217773,0.0,0.0,0.0,-17.63855,78.184204,-48.224487
1768034106589,-1.0463867,-0.10449219,0.28857422,7.1411133,32.592773,0.4272461,0.0,0.0,0.0,-17.63855,78.184204,-48.224487
1768034106600,-1.0463867,-0.10449219,0.28857422,7.1411133,32.592773,0.4272461,0.0,0.0,0.0,-26.416626,82.35901,-57.123413
1768034106688,-0.7680664,-0.09667969,0.2915039,-9.338379,8.300781,9.094238,0.0,0.0,0.0,-26.416626,82.35901,-57.123413
1768034106700,-0.7680664,-0.09667969,0.2915039,-9.338379,8.300781,9.094238,0.0,0.0,0.0,-25.944214,83.743286,-56.255493
1768034106788,-0.92529297,0.036132812,0.13330078,-1.953125,-87.03613,25.268555,0.0,0.0,0.0,-25.944214,83.743286,-56.255493
1768034106800,-0.92529297,0.036132812,0.13330078,-1.953125,-87.03613,25.268555,0.0,0.0,0.0,-8.00354,78.88733,-37.545776
1768034106888,-0.95751953,-0.1015625,0.1538086,20.019531,17.456055,-3.3569336,0.0,0.0,0.0,-8.00354,78.88733,-37.545776
1768034106899,-0.95751953,-0.1015625,0.1538086,20.019531,17.456055,-3.3569336,0.0,0.0,0.0,-1.7578125,77.44812,-33.272095
1768034106987,-0.9707031,-0.05859375,0.203125,-0.18310547,-2.380371,-0.79345703,0.0,0.0,0.0,-1.7578125,77.44812,-33.272095
1768034106999,-0.9707031,-0.05859375,0.203125,-0.18310547,-2.380371,-0.79345703,0.0,0.0,0.0,-3.5595703,78.00842,-36.535034
1768034107087,-1.2387695,-0.16503906,0.0024414062,-2.319336,22.644043,0.48828125,0.0,0.0,0.0,-3.5595703,78.00842,-36.535034
1768034107099,-1.2387695,-0.16503906,0.0024414062,-2.319336,22.644043,0.48828125,0.0,0.0,0.0,-6.38855,79.40369,-40.12207
1768034107187,-1.1225586,9.765625E-4,0.21435547,-32.65381,17.578125,-22.033691,0.0,0.0,0.0,-6.38855,79.40369,-40.12207
1768034107198,-1.1225586,9.765625E-4,0.21435547,-32.65381,17.578125,-22.033691,0.0,0.0,0.0,-18.138428,82.578735,-49.141846
1768034107287,-0.6855469,0.09472656,0.31054688,26.733398,26.123047,-24.230957,0.0,0.0,0.0,-18.138428,82.578735,-49.141846
1768034107298,-0.6855469,0.09472656,0.31054688,26.733398,26.123047,-24.230957,0.0,0.0,0.0,-34.33777,83.40271,-65.582886
1768034107386,-1.0795898,-0.265625,0.12792969,-20.690918,-90.82031,8.056641,0.0,0.0,0.0,-34.33777,83.40271,-65.582886
1768034107398,-1.0795898,-0.265625,0.12792969,-20.690918,-90.82031,8.056641,0.0,0.0,0.0,-28.295288,80.513306,-61.51245
1768034107486,-0.8496094,9.765625E-4,0.13574219,-12.207031,32.470703,-2.4414062,0.0,0.0,0.0,-28.295288,80.513306,-61.51245
1768034107498,-0.8496094,9.765625E-4,0.13574219,-12.207031,32.470703,-2.4414062,0.0,0.0,0.0,-27.009888,78.32703,-58.529663
1768034107586,-0.9970703,-0.110839844,0.05859375,-26.428223,-12.390137,11.047363,0.0,0.0,0.0,-27.009888,78.32703,-58.529663
1768034107597,-0.9970703,-0.110839844,0.05859375,-26.428223,-12.390137,11.047363,0.0,0.0,0.0,-24.296265,78.52478,-54.036255
1768034107685,-1.2861328,-0.014160156,0.041992188,-12.573242,6.713867,5.2490234,0.0,0.0,0.0,-24.296265,78.52478,-54.036255
1768034107697,-1.2861328,-0.014160156,0.041992188,-12.573242,6.713867,5.2490234,0.0,0.0,0.0,-28.778687,80.15076,-56.766357
1768034107785,-1.0615234,-0.115234375,0.22070312,8.361816,28.625488,2.1972656,0.0,0.0,0.0,-28.778687,80.15076,-56.766357
1768034107797,-1.0615234,-0.115234375,0.22070312,8.361816,28.625488,2.1972656,0.0,0.0,0.0,-37.139282,82.6886,-65.53894
1768034107885,-0.71728516,-0.13378906,0.2998047,-9.70459,23.31543,7.9345703,0.0,0.0,0.0,-37.139282,82.6886,-65.53894
1768034107896,-0.71728516,-0.13378906,0.2998047,-9.70459,23.31543,7.9345703,0.0,0.0,0.0,-43.90686,84.627686,-72.1637
1768034107985,-1.0366211,0.07324219,0.15429688,-42.23633,-113.83057,30.273438,0.0,0.0,0.0,-43.90686,84.627686,-72.1637
1768034107996,-1.0366211,0.07324219,0.15429688,-42.23633,-113.83057,30.273438,0.0,0.0,0.0,-18.616333,81.04065,-44.747314
1768034108084,-0.8666992,-0.04736328,0.1303711,19.65332,38.024902,-4.8217773,0.0,0.0,0.0,-18.616333,81.04065,-44.747314
1768034108096,-0.8666992,-0.04736328,0.1303711,19.65332,38.024902,-4.8217773,0.0,0.0,0.0,-3.0651855,77.08008,-29.476318
1768034108184,-1.0083008,-0.123535156,0.13476562,6.591797,-19.592285,-1.6479492,0.0,0.0,0.0,-3.0651855,77.08008,-29.476318
1768034108196,-1.0083008,-0.123535156,0.13476562,6.591797,-19.592285,-1.6479492,0.0,0.0,0.0,-5.3118896,78.21167,-34.414673
1768034108284,-1.1411133,-0.17773438,0.056640625,3.90625,25.146484,-8.178711,0.0,0.0,0.0,-5.3118896,78.21167,-34.414673
1768034108295,-1.1411133,-0.17773438,0.056640625,3.90625,25.146484,-8.178711,0.0,0.0,0.0,-9.321899,79.7937,-39.957275
1768034108383,-1.2333984,-0.05810547,0.18847656,-33.081055,12.512207,-11.535645,0.0,0.0,0.0,-9.321899,79.7937,-39.957275
1768034108395,-1.2333984,-0.05810547,0.18847656,-33.081055,12.512207,-11.535645,0.0,0.0,0.0,-15.979614,81.80969,-44.06067
1768034108483,-0.71435547,0.12158203,0.31445312,16.784668,21.42334,-10.986328,0.0,0.0,0.0,-15.979614,81.80969,-44.06067
1768034108495,-0.71435547,0.12158203,0.31445312,16.784668,21.42334,-10.986328,0.0,0.0,0.0,-26.09253,83.01819,-52.998047
1768034108583,-1.0229492,-0.14892578,0.16503906,-3.2348633,-76.538086,-2.1362305,0.0,0.0,0.0,-26.09253,83.01819,-52.998047
1768034108595,-1.0229492,-0.14892578,0.16503906,-3.2348633,-76.538086,-2.1362305,0.0,0.0,0.0,-27.454834,80.83191,-56.661987
1768034108683,-0.8935547,-0.056640625,0.10644531,-13.061523,29.35791,-2.0141602,0.0,0.0,0.0,-27.454834,80.83191,-56.661987
1768034108694,-0.8935547,-0.056640625,0.10644531,-13.061523,29.35791,-2.0141602,0.0,0.0,0.0,-19.67102,76.970215,-47.493896
1768034108783,-0.95703125,-0.020019531,0.064453125,-27.70996,-17.578125,8.850098,0.0,0.0,0.0,-19.67102,76.970215,-47.493896
1768034108794,-0.95703125,-0.020019531,0.064453125,-27.70996,-17.578125,8.850098,0.0,0.0,0.0,-20.500488,77.74475,-46.224976
1768034108882,-1.2548828,-0.053222656,0.033203125,-4.333496,12.451172,-7.2021484,0.0,0.0,0.0,-20.500488,77.74475,-46.224976
1768034108893,-1.2548828,-0.053222656,0.033203125,-4.333496,12.451172,-7.2021484,0.0,0.0,0.0,-23.587646,79.14551,-48.251953
1768034108983,-1.1591797,-0.09667969,0.20214844,10.498047,29.846191,-4.638672,0.0,0.0,0.0,-23.587646,79.14551,-48.251953
1768034108993,-1.1591797,-0.09667969,0.20214844,10.498047,29.846191,-4.638672,0.0,0.0,0.0,-34.727783,81.17798,-60.150146
1768034109081,-0.70410156,-0.14941406,0.23486328,-2.380371,21.30127,7.1411133,0.0,0.0,0.0,-34.727783,81.17798,-60.150146
1768034109093,-0.70410156,-0.14941406,0.23486328,-2.380371,21.30127,7.1411133,0.0,0.0,0.0,-44.20349,82.88635,-70.37842
1768034109181,-1.0161133,0.0087890625,0.23925781,-13.061523,-62.98828,22.949219,0.0,0.0,0.0,-44.20349,82.88635,-70.37842
1768034109193,-1.0161133,0.0087890625,0.23925781,-13.061523,-62.98828,22.949219,0.0,0.0,0.0,-35.90332,83.10608,-61.484985
1768034109281,-0.90966797,-0.091796875,-0.005859375,4.9438477,-14.221191,13.61084,0.0,0.0,0.0,-35.90332,83.10608,-61.484985
1768034109292,-0.90966797,-0.091796875,-0.005859375,4.9438477,-14.221191,13.61084,0.0,0.0,0.0,-3.010254,75.87158,-25.773926
1768034109380,-0.92871094,-0.030761719,0.18847656,-3.112793,4.699707,0.18310547,0.0,0.0,0.0,-3.010254,75.87158,-25.773926
1768034109392,-0.92871094,-0.030761719,0.18847656,-3.112793,4.699707,0.18310547,0.0,0.0,0.0,-2.477417,77.59094,-25.795898
1768034109480,-1.2080078,-0.09082031,0.084472656,11.230469,8.605957,-1.159668,0.0,0.0,0.0,-2.477417,77.59094,-25.795898
1768034109492,-1.2080078,-0.09082031,0.084472656,11.230469,8.605957,-1.159668,0.0,0.0,0.0,-2.3510742,78.1897,-26.449585
1768034109580,-1.2734375,-0.06982422,0.22607422,-13.061523,39.18457,-5.7373047,0.0,0.0,0.0,-2.3510742,78.1897,-26.449585
1768034109591,-1.2734375,-0.06982422,0.22607422,-13.061523,39.18457,-5.7373047,0.0,0.0,0.0,-5.789795,81.24939,-30.256348
1768034109680,-0.7236328,0.040039062,0.20458984,19.104004,21.118164,-14.6484375,0.0,0.0,0.0,-5.789795,81.24939,-30.256348
1768034109691,-0.7236328,0.040039062,0.20458984,19.104004,21.118164,-14.6484375,0.0,0.0,0.0,-13.09021,83.19397,-37.490845
1768034109779,-0.94189453,-0.047851562,0.29248047,61.523438,-10.437012,-25.32959,0.0,0.0,0.0,-13.09021,83.19397,-37.490845
1768034109791,-0.94189453,-0.047851562,0.29248047,61.523438,-10.437012,-25.32959,0.0,0.0,0.0,-40.43518,84.28162,-68.82385
1768034109879,-0.91259766,-0.11035156,-0.095214844,-5.3710938,-61.21826,5.6152344,0.0,0.0,0.0,-40.43518,84.28162,-68.82385
1768034109891,-0.91259766,-0.11035156,-0.095214844,-5.3710938,-61.21826,5.6152344,0.0,0.0,0.0,-14.556885,76.15173,-41.451416
1768034109979,-0.94970703,-0.061523438,0.18945312,-15.319824,1.159668,-0.24414062,0.0,0.0,0.0,-14.556885,76.15173,-41.451416
1768034109990,-0.94970703,-0.061523438,0.18945312,-15.319824,1.159668,-0.24414062,0.0,0.0,0.0,-18.47351,77.48108,-45.36255
1768034110079,-1.0800781,-0.099121094,0.07910156,-17.333984,-1.5869141,-3.6621094,0.0,0.0,0.0,-18.47351,77.48108,-45.36255
1768034110090,-1.0800781,-0.099121094,0.07910156,-17.333984,-1.5869141,-3.6621094,0.0,0.0,0.0,-19.396362,77.03064,-44.439697
1768034110178,-1.2568359,-0.00390625,0.05078125,-17.150879,23.132324,2.1972656,0.0,0.0,0.0,-19.396362,77.03064,-44.439697
1768034110190,-1.2568359,-0.00390625,0.05078125,-17.150879,23.132324,2.1972656,0.0,0.0,0.0,-23.03833,77.96997,-46.235962
1768034110278,-0.81933594,-0.1303711,0.24707031,6.286621,37.04834,5.2490234,0.0,0.0,0.0,-23.03833,77.96997,-46.235962
1768034110289,-0.81933594,-0.1303711,0.24707031,6.286621,37.04834,5.2490234,0.0,0.0,0.0,-30.349731,81.79321,-53.569336
1768034110378,-0.8676758,-0.14648438,0.33203125,4.211426,-8.056641,10.192871,0.0,0.0,0.0,-30.349731,81.79321,-53.569336
1768034110389,-0.8676758,-0.14648438,0.33203125,4.211426,-8.056641,10.192871,0.0,0.0,0.0,-30.322266,83.75427,-53.789062
1768034110478,-0.9003906,0.0063476562,0.06542969,-1.159668,-94.11621,46.875,0.0,0.0,0.0,-30.322266,83.75427,-53.789062
1768034110489,-0.9003906,0.0063476562,0.06542969,-1.159668,-94.11621,46.875,0.0,0.0,0.0,-2.4334717,75.71777,-23.57666
1768034110577,-0.92529297,-0.11816406,0.21728516,12.084961,30.822754,-11.352539,0.0,0.0,0.0,-2.4334717,75.71777,-23.57666
1768034110589,-0.92529297,-0.11816406,0.21728516,12.084961,30.822754,-11.352539,0.0,0.0,0.0,-0.87890625,77.01416,-23.362427
1768034110677,-1.0234375,0.032226562,0.21191406,1.4648438,-12.023926,-6.652832,0.0,0.0,0.0,-0.87890625,77.01416,-23.362427
1768034110689,-1.0234375,0.032226562,0.21191406,1.4648438,-12.023926,-6.652832,0.0,0.0,0.0,-6.333618,77.508545,-29.39392
1768034110777,-1.3066406,-0.111328125,0.049804688,0.0,38.45215,-3.112793,0.0,0.0,0.0,-6.333618,77.508545,-29.39392
1768034110788,-1.3066406,-0.111328125,0.049804688,0.0,38.45215,-3.112793,0.0,0.0,0.0,-8.55835,77.89307,-33.063354
1768034110876,-0.9536133,0.0546875,0.23925781,0.30517578,15.136719,-17.63916,0.0,0.0,0.0,-8.55835,77.89307,-33.063354
1768034110888,-0.9536133,0.0546875,0.23925781,0.30517578,15.136719,-17.63916,0.0,0.0,0.0,-22.346191,81.57349,-46.49414
1768034110976,-0.7734375,-0.0073242188,0.33740234,39.733887,28.503418,-15.197754,0.0,0.0,0.0,-22.346191,81.57349,-46.49414
1768034110988,-0.7734375,-0.0073242188,0.33740234,39.733887,28.503418,-15.197754,0.0,0.0,0.0,-30.92102,82.249146,-56.898193
1768034111076,-0.94384766,-0.1381836,0.1508789,-26.733398,-76.72119,6.1035156,0.0,0.0,0.0,-30.92102,82.249146,-56.898193
1768034111089,-0.94384766,-0.1381836,0.1508789,-26.733398,-76.72119,6.1035156,0.0,0.0,0.0,-22.373657,78.92029,-49.801025
1768034111176,-0.93359375,-0.04248047,0.083984375,3.1738281,8.239746,-0.79345703,0.0,0.0,0.0,-22.373657,78.92029,-49.801025
1768034111187,-0.93359375,-0.04248047,0.083984375,3.1738281,8.239746,-0.79345703,0.0,0.0,0.0,-16.14441,75.6958,-43.066406
1768034111275,-0.9814453,-0.12451172,0.18652344,-18.127441,-0.12207031,-1.5258789,0.0,0.0,0.0,-16.14441,75.6958,-43.066406
1768034111287,-0.9814453,-0.12451172,0.18652344,-18.127441,-0.12207031,-1.5258789,0.0,0.0,0.0,-16.85852,76.30554,-43.060913
1768034111375,-1.3212891,-0.034179688,0.056640625,-6.164551,-2.8686523,5.92041,0.0,0.0,0.0,-16.85852,76.30554,-43.060913
1768034111386,-1.3212891,-0.034179688,0.056640625,-6.164551,-2.8686523,5.92041,0.0,0.0,0.0,-15.8203125,75.81665,-40.682373
1768034111475,-1.0463867,-0.115234375,0.2866211,1.159668,35.461426,7.019043,0.0,0.0,0.0,-15.8203125,75.81665,-40.682373
1768034111486,-1.0463867,-0.115234375,0.2866211,1.159668,35.461426,7.019043,0.0,0.0,0.0,-17.973633,79.365234,-43.198242
1768034111574,-0.7763672,-0.13134766,0.33251953,3.2958984,24.108887,4.699707,0.0,0.0,0.0,-17.973633,79.365234,-43.198242
1768034111586,-0.7763672,-0.13134766,0.33251953,3.2958984,24.108887,4.699707,0.0,0.0,0.0,-21.00586,82.2052,-46.966553
1768034111674,-1.0117188,0.064941406,0.19970703,-32.165527,-96.37451,27.404785,0.0,0.0,0.0,-21.00586,82.2052,-46.966553
1768034111685,-1.0117188,0.064941406,0.19970703,-32.165527,-96.37451,27.404785,0.0,0.0,0.0,-10.766602,78.64014,-36.150513
1768034111774,-0.9423828,-0.13134766,0.09472656,23.498535,25.6958,-8.728027,0.0,0.0,0.0,-10.766602,78.64014,-36.150513
1768034111785,-0.9423828,-0.13134766,0.09472656,23.498535,25.6958,-8.728027,0.0,0.0,0.0,-0.32958984,74.35547,-26.427612
1768034111873,-0.94677734,-0.07763672,0.23486328,4.0893555,13.793945,-7.2631836,0.0,0.0,0.0,-0.32958984,74.35547,-26.427612
1768034111885,-0.94677734,-0.07763672,0.23486328,4.0893555,13.793945,-7.2631836,0.0,0.0,0.0,-4.6636963,77.39319,-32.645874
1768034111973,-1.2426758,-0.119140625,-0.011230469,5.1879883,2.6245117,-4.8217773,0.0,0.0,0.0,-4.6636963,77.39319,-32.645874
1768034111985,-1.2426758,-0.119140625,-0.011230469,5.1879883,2.6245117,-4.8217773,0.0,0.0,0.0,-6.2072754,77.44812,-34.936523
1768034112073,-1.1674805,-0.08496094,0.27148438,-17.028809,49.194336,-16.601562,0.0,0.0,0.0,-6.2072754,77.44812,-34.936523
1768034112084,-1.1674805,-0.08496094,0.27148438,-17.028809,49.194336,-16.601562,0.0,0.0,0.0,-17.473755,81.8866,-45.131836
1768034112173,-0.70751953,0.08935547,0.2861328,14.343262,8.911133,-8.728027,0.0,0.0,0.0,-17.473755,81.8866,-45.131836
1768034112184,-0.70751953,0.08935547,0.2861328,14.343262,8.911133,-8.728027,0.0,0.0,0.0,-29.921265,82.84241,-57.474976
1768034112272,-1.0375977,-0.09716797,0.18017578,9.887695,-62.13379,-3.6010742,0.0,0.0,0.0,-29.921265,82.84241,-57.474976
1768034112284,-1.0375977,-0.09716797,0.18017578,9.887695,-62.13379,-3.6010742,0.0,0.0,0.0,-29.388428,80.947266,-59.82605
1768034112372,-0.9067383,-0.021972656,0.07080078,4.760742,19.042969,-13.122559,0.0,0.0,0.0,-29.388428,80.947266,-59.82605
1768034112383,-0.9067383,-0.021972656,0.07080078,4.760742,19.042969,-13.122559,0.0,0.0,0.0,-21.038818,76.40991,-50.92163
1768034112472,-0.97558594,-0.11816406,0.1328125,-15.258789,-15.258789,3.3569336,0.0,0.0,0.0,-21.038818,76.40991,-50.92163
1768034112483,-0.97558594,-0.11816406,0.1328125,-15.258789,-15.258789,3.3569336,0.0,0.0,0.0,-23.587646,76.85486,-53.547363
1768034112571,-1.1972656,-0.067871094,0.07373047,-15.197754,7.8125,-1.6479492,0.0,0.0,0.0,-23.587646,76.85486,-53.547363
1768034112583,-1.1972656,-0.067871094,0.07373047,-15.197754,7.8125,-1.6479492,0.0,0.0,0.0,-27.229614,77.55249,-55.914917
1768034112671,-1.1650391,-0.05126953,0.19824219,-0.061035156,32.89795,3.4179688,0.0,0.0,0.0,-27.229614,77.55249,-55.914917
1768034112683,-1.1650391,-0.05126953,0.19824219,-0.061035156,32.89795,3.4179688,0.0,0.0,0.0,-34.145508,79.7937,-62.243042
1768034112771,-0.69433594,-0.115234375,0.23828125,8.361816,23.986816,9.70459,0.0,0.0,0.0,-34.145508,79.7937,-62.243042
1768034112783,-0.69433594,-0.115234375,0.23828125,8.361816,23.986816,9.70459,0.0,0.0,0.0,-42.319336,82.22717,-71.10901
1768034112871,-1.0576172,0.0146484375,0.23291016,-11.352539,-67.38281,13.244629,0.0,0.0,0.0,-42.319336,82.22717,-71.10901
1768034112882,-1.0576172,0.0146484375,0.23291016,-11.352539,-67.38281,13.244629,0.0,0.0,0.0,-34.68933,81.82068,-63.22632
1768034112970,-0.9326172,-0.1381836,-0.0053710938,18.310547,10.131836,8.911133,0.0,0.0,0.0,-34.68933,81.82068,-63.22632
1768034112983,-0.9326172,-0.1381836,-0.0053710938,18.310547,10.131836,8.911133,0.0,0.0,0.0,-7.5805664,75.756226,-34.82666
1768034113070,-0.94873047,-0.061035156,0.16308594,6.8359375,-0.5493164,-3.540039,0.0,0.0,0.0,-7.5805664,75.756226,-34.82666
1768034113082,-0.94873047,-0.061035156,0.16308594,6.8359375,-0.5493164,-3.540039,0.0,0.0,0.0,-10.178833,78.32703,-39.204712
1768034113170,-1.1889648,-0.17285156,0.08154297,14.831543,25.512695,-3.90625,0.0,0.0,0.0,-10.178833,78.32703,-39.204712
1768034113182,-1.1889648,-0.17285156,0.08154297,14.831543,25.512695,-3.90625,0.0,0.0,0.0,-11.228027,78.92578,-41.566772
1768034113270,-1.2138672,-0.14990234,0.2055664,-20.263672,41.015625,-8.972168,0.0,0.0,0.0,-11.228027,78.92578,-41.566772
1768034113282,-1.2138672,-0.14990234,0.2055664,-20.263672,41.015625,-8.972168,0.0,0.0,0.0,-22.445068,82.282104,-52.575073
1768034113369,-0.71875,0.115234375,0.23632812,10.131836,0.79345703,-8.911133,0.0,0.0,0.0,-22.445068,82.282104,-52.575073
1768034113381,-0.71875,0.115234375,0.23632812,10.131836,0.79345703,-8.911133,0.0,0.0,0.0,-35.914307,83.04016,-64.72046
1768034113469,-1.0166016,-0.12011719,0.23095703,26.97754,-39.978027,-11.59668,0.0,0.0,0.0,-35.914307,83.04016,-64.72046
1768034113481,-1.0166016,-0.12011719,0.23095703,26.97754,-39.978027,-11.59668,0.0,0.0,0.0,-38.012695,82.21619,-69.22485
1768034113569,-0.90478516,-0.07763672,0.026367188,-13.366699,-5.859375,-7.385254,0.0,0.0,0.0,-38.012695,82.21619,-69.22485
1768034113580,-0.90478516,-0.07763672,0.026367188,-13.366699,-5.859375,-7.385254,0.0,0.0,0.0,-22.818604,76.70654,-52.998047
1768034113668,-0.9394531,-0.0546875,0.12695312,-18.493652,-11.59668,9.094238,0.0,0.0,0.0,-22.818604,76.70654,-52.998047
1768034113680,-0.9394531,-0.0546875,0.12695312,-18.493652,-11.59668,9.094238,0.0,0.0,0.0,-25.169678,77.32178,-54.107666
1768034113768,-1.1650391,-0.03125,0.0625,-12.939453,6.652832,1.4648438,0.0,0.0,0.0,-25.169678,77.32178,-54.107666
1768034113780,-1.1650391,-0.03125,0.0625,-12.939453,6.652832,1.4648438,0.0,0.0,0.0,-25.301514,77.958984,-52.72888
1768034113868,-1.2016602,-0.032226562,0.1899414,13.549805,28.869629,4.5776367,0.0,0.0,0.0,-25.301514,77.958984,-52.72888
1768034113879,-1.2016602,-0.032226562,0.1899414,13.549805,28.869629,4.5776367,0.0,0.0,0.0,-27.026367,79.77173,-54.78882
1768034113968,-0.72314453,-0.15478516,0.22021484,1.8310547,25.390625,11.169434,0.0,0.0,0.0,-27.026367,79.77173,-54.78882
1768034113979,-0.72314453,-0.15478516,0.22021484,1.8310547,25.390625,11.169434,0.0,0.0,0.0,-32.55249,82.27661,-61.468506
1768034114067,-0.9980469,-0.020507812,0.28955078,7.385254,-33.935547,6.4086914,0.0,0.0,0.0,-32.55249,82.27661,-61.468506
1768034114079,-0.9980469,-0.020507812,0.28955078,7.385254,-33.935547,6.4086914,0.0,0.0,0.0,-34.903564,83.18848,-63.286743
1768034114167,-0.9370117,-0.015136719,-0.071777344,8.544922,-20.019531,11.474609,0.0,0.0,0.0,-34.903564,83.18848,-63.286743
1768034114178,-0.9370117,-0.015136719,-0.071777344,8.544922,-20.019531,11.474609,0.0,0.0,0.0,-5.460205,75.6958,-31.486816
1768034114267,-0.96191406,-0.0859375,0.2006836,23.864746,16.357422,-14.099121,0.0,0.0,0.0,-5.460205,75.6958,-31.486816
1768034114278,-0.96191406,-0.0859375,0.2006836,23.864746,16.357422,-14.099121,0.0,0.0,0.0,-7.525635,78.777466,-35.820923
1768034114367,-1.0859375,-0.10888672,0.09863281,13.977051,6.164551,-2.1972656,0.0,0.0,0.0,-7.525635,78.777466,-35.820923
1768034114378,-1.0859375,-0.10888672,0.09863281,13.977051,6.164551,-2.1972656,0.0,0.0,0.0,-10.629272,79.0686,-40.490112
1768034114466,-1.2368164,-0.10253906,0.09765625,-18.554688,37.41455,-0.79345703,0.0,0.0,0.0,-10.629272,79.0686,-40.490112
1768034114478,-1.2368164,-0.10253906,0.09765625,-18.554688,37.41455,-0.79345703,0.0,0.0,0.0,-18.682251,81.502075,-48.55957
1768034114566,-0.82177734,0.043945312,0.15136719,-3.7231445,15.74707,-6.8359375,0.0,0.0,0.0,-18.682251,81.502075,-48.55957
1768034114577,-0.82177734,0.043945312,0.15136719,-3.7231445,15.74707,-6.8359375,0.0,0.0,0.0,-35.628662,83.0072,-64.08325
1768034114665,-0.8027344,0.029785156,0.35888672,53.588867,20.812988,-24.902344,0.0,0.0,0.0,-35.628662,83.0072,-64.08325
1768034114677,-0.8027344,0.029785156,0.35888672,53.588867,20.812988,-24.902344,0.0,0.0,0.0,-54.04724,83.776245,-84.627686
1768034114765,-0.88183594,-0.16210938,0.0234375,-18.920898,-100.83008,7.2631836,0.0,0.0,0.0,-54.04724,83.776245,-84.627686
1768034114777,-0.88183594,-0.16210938,0.0234375,-18.920898,-100.83008,7.2631836,0.0,0.0,0.0,-23.68103,77.74475,-53.684692
1768034114865,-0.8876953,-0.04345703,0.15917969,-3.90625,12.512207,-1.3427734,0.0,0.0,0.0,-23.68103,77.74475,-53.684692
1768034114876,-0.8876953,-0.04345703,0.15917969,-3.90625,12.512207,-1.3427734,0.0,0.0,0.0,-28.240356,78.21167,-58.09021
1768034114965,-1.0810547,-0.11767578,0.028808594,-15.197754,5.126953,1.0986328,0.0,0.0,0.0,-28.240356,78.21167,-58.09021
1768034114976,-1.0810547,-0.11767578,0.028808594,-15.197754,5.126953,1.0986328,0.0,0.0,0.0,-25.323486,77.684326,-53.778076
1768034115064,-1.2734375,-0.055664062,0.0625,-9.521484,25.817871,7.6904297,0.0,0.0,0.0,-25.323486,77.684326,-53.778076
1768034115076,-1.2734375,-0.055664062,0.0625,-9.521484,25.817871,7.6904297,0.0,0.0,0.0,-29.108276,79.590454,-56.260986
1768034115164,-0.9628906,-0.12158203,0.2685547,-2.9296875,27.58789,10.620117,0.0,0.0,0.0,-29.108276,79.590454,-56.260986
1768034115176,-0.9628906,-0.12158203,0.2685547,-2.9296875,27.58789,10.620117,0.0,0.0,0.0,-37.452393,83.237915,-64.21509
1768034115264,-0.8276367,-0.13134766,0.3310547,-5.6762695,2.6855469,7.6293945,0.0,0.0,0.0,-37.452393,83.237915,-64.21509
1768034115275,-0.8276367,-0.13134766,0.3310547,-5.6762695,2.6855469,7.6293945,0.0,0.0,0.0,-39.490356,84.781494,-65.599365
1768034115363,-0.93310547,0.022460938,0.018554688,1.7089844,-103.08838,35.27832,0.0,0.0,0.0,-39.490356,84.781494,-65.599365
1768034115375,-0.93310547,0.022460938,0.018554688,1.7089844,-103.08838,35.27832,0.0,0.0,0.0,-7.7948,77.39868,-31.376953
1768034115463,-0.86572266,-0.052734375,0.1772461,37.231445,22.460938,-9.399414,0.0,0.0,0.0,-7.7948,77.39868,-31.376953
1768034115475,-0.86572266,-0.052734375,0.1772461,37.231445,22.460938,-9.399414,0.0,0.0,0.0,-4.2681885,78.00293,-30.140991
1768034115563,-1.0439453,-0.0703125,0.055664062,29.296875,-1.5258789,-5.3100586,0.0,0.0,0.0,-4.2681885,78.00293,-30.140991
1768034115574,-1.0439453,-0.0703125,0.055664062,29.296875,-1.5258789,-5.3100586,0.0,0.0,0.0,-3.6035156,77.51953,-32.37671
1768034115663,-1.1875,-0.14453125,0.032714844,2.9296875,17.63916,0.061035156,0.0,0.0,0.0,-3.6035156,77.51953,-32.37671
1768034115675,-1.1875,-0.14453125,0.032714844,2.9296875,17.63916,0.061035156,0.0,0.0,0.0,-6.899414,80.13428,-37.55127
1768034115763,-1.0947266,-0.056640625,0.2368164,-16.906738,24.169922,-10.070801,0.0,0.0,0.0,-6.899414,80.13428,-37.55127
1768034115774,-1.0947266,-0.056640625,0.2368164,-16.906738,24.169922,-10.070801,0.0,0.0,0.0,-17.451782,83.35327,-47.08191
1768034115862,-0.7597656,0.08642578,0.29345703,14.282227,3.4179688,-9.155273,0.0,0.0,0.0,-17.451782,83.35327,-47.08191
1768034115874,-0.7597656,0.08642578,0.29345703,14.282227,3.4179688,-9.155273,0.0,0.0,0.0,-25.29602,83.375244,-54.25049
1768034115962,-1.0297852,-0.19140625,0.21191406,10.7421875,-51.3916,-5.3710938,0.0,0.0,0.0,-25.29602,83.375244,-54.25049
1768034115973,-1.0297852,-0.19140625,0.21191406,10.7421875,-51.3916,-5.3710938,0.0,0.0,0.0,-24.158936,81.45264,-55.22827
1768034116062,-0.9082031,-0.0014648438,0.07373047,-12.512207,4.4555664,-1.5258789,0.0,0.0,0.0,-24.158936,81.45264,-55.22827
1768034116073,-0.9082031,-0.0014648438,0.07373047,-12.512207,4.4555664,-1.5258789,0.0,0.0,0.0,-17.512207,77.13501,-46.939087
1768034116161,-0.95166016,-0.056640625,0.07470703,-15.380859,-14.6484375,6.713867,0.0,0.0,0.0,-17.512207,77.13501,-46.939087
1768034116173,-0.95166016,-0.056640625,0.07470703,-15.380859,-14.6484375,6.713867,0.0,0.0,0.0,-17.781372,77.283325,-46.0437
1768034116261,-1.1074219,-0.078125,0.09375,-14.892578,16.723633,3.4179688,0.0,0.0,0.0,-17.781372,77.283325,-46.0437
1768034116273,-1.1074219,-0.078125,0.09375,-14.892578,16.723633,3.4179688,0.0,0.0,0.0,-19.286499,78.92578,-46.532593
1768034116361,-1.2592773,0.030273438,0.12988281,-0.7324219,25.57373,8.728027,0.0,0.0,0.0,-19.286499,78.92578,-46.532593
1768034116372,-1.2592773,0.030273438,0.12988281,-0.7324219,25.57373,8.728027,0.0,0.0,0.0,-21.137695,80.458374,-47.872925
1768034116460,-0.6972656,-0.1694336,0.19824219,-9.70459,23.925781,10.681152,0.0,0.0,0.0,-21.137695,80.458374,-47.872925
1768034116472,-0.6972656,-0.1694336,0.19824219,-9.70459,23.925781,10.681152,0.0,0.0,0.0,-24.032593,83.12256,-50.333862
1768034116560,-0.9926758,0.016113281,0.27197266,-4.211426,-37.78076,7.751465,0.0,0.0,0.0,-24.032593,83.12256,-50.333862
1768034116572,-0.9926758,0.016113281,0.27197266,-4.211426,-37.78076,7.751465,0.0,0.0,0.0,-23.312988,83.83667,-48.240967
1768034116660,-0.92822266,0.021972656,-0.046875,11.108398,-13.793945,6.1035156,0.0,0.0,0.0,-23.312988,83.83667,-48.240967
1768034116671,-0.92822266,0.021972656,-0.046875,11.108398,-13.793945,6.1035156,0.0,0.0,0.0,-1.0601807,75.57495,-23.911743
1768034116760,-0.9321289,-0.022460938,0.24707031,22.949219,17.700195,-15.441895,0.0,0.0,0.0,-1.0601807,75.57495,-23.911743
1768034116771,-0.9321289,-0.022460938,0.24707031,22.949219,17.700195,-15.441895,0.0,0.0,0.0,-3.3947754,78.826904,-28.482056
1768034116860,-1.2075195,-0.13134766,0.041992188,18.493652,-1.4038086,-5.554199,0.0,0.0,0.0,-3.3947754,78.826904,-28.482056
1768034116871,-1.2075195,-0.13134766,0.041992188,18.493652,-1.4038086,-5.554199,0.0,0.0,0.0,-4.8724365,78.65112,-31.618652
1768034116959,-1.2089844,-0.10058594,0.19628906,-25.634766,19.592285,-3.6010742,0.0,0.0,0.0,-4.8724365,78.65112,-31.618652
1768034116971,-1.2089844,-0.10058594,0.19628906,-25.634766,19.592285,-3.6010742,0.0,0.0,0.0,-10.140381,81.26587,-36.710815
1768034117059,-0.6977539,0.100097656,0.2133789,15.075684,14.038086,-15.441895,0.0,0.0,0.0,-10.140381,81.26587,-36.710815
1768034117070,-0.6977539,0.100097656,0.2133789,15.075684,14.038086,-15.441895,0.0,0.0,0.0,-18.38562,81.99646,-44.61548
1768034117158,-1.059082,-0.09375,0.2680664,38.024902,-27.160645,-12.023926,0.0,0.0,0.0,-18.38562,81.99646,-44.61548
1768034117170,-1.059082,-0.09375,0.2680664,38.024902,-27.160645,-12.023926,0.0,0.0,0.0,-31.657104,82.58972,-61.17737
1768034117258,-0.90625,-0.057617188,-0.027832031,-2.1362305,-9.94873,-1.4648438,0.0,0.0,0.0,-31.657104,82.58972,-61.17737
1768034117270,-0.90625,-0.057617188,-0.027832031,-2.1362305,-9.94873,-1.4648438,0.0,0.0,0.0,-15.188599,76.03088,-43.14331
1768034117358,-0.9272461,-0.06591797,0.16064453,-10.498047,-6.5307617,3.1738281,0.0,0.0,0.0,-15.188599,76.03088,-43.14331
1768034117370,-0.9272461,-0.06591797,0.16064453,-10.498047,-6.5307617,3.1738281,0.0,0.0,0.0,-19.16565,77.77222,-47.334595
1768034117458,-1.1757812,-0.041503906,0.12011719,-7.751465,-1.7700195,-1.0986328,0.0,0.0,0.0,-19.16565,77.77222,-47.334595
1768034117469,-1.1757812,-0.041503906,0.12011719,-7.751465,-1.7700195,-1.0986328,0.0,0.0,0.0,-20.01709,77.942505,-47.367554
1768034117558,-1.2211914,-0.022460938,0.18701172,6.225586,31.066895,-1.4648438,0.0,0.0,0.0,-20.01709,77.942505,-47.367554
1768034117569,-1.2211914,-0.022460938,0.18701172,6.225586,31.066895,-1.4648438,0.0,0.0,0.0,-21.912231,78.73901,-49.416504
1768034117657,-0.7060547,-0.15625,0.24414062,0.0,37.29248,1.3427734,0.0,0.0,0.0,-21.912231,78.73901,-49.416504
1768034117669,-0.7060547,-0.15625,0.24414062,0.0,37.29248,1.3427734,0.0,0.0,0.0,-31.783447,81.46912,-60.040283
1768034117757,-0.9448242,-0.061523438,0.31201172,6.4086914,-35.949707,7.6904297,0.0,0.0,0.0,-31.783447,81.46912,-60.040283
1768034117768,-0.9448242,-0.061523438,0.31201172,6.4086914,-35.949707,7.6904297,0.0,0.0,0.0,-41.885376,83.150024,-69.06555
1768034117856,-0.9321289,0.056152344,-0.10253906,-1.4648438,-54.992676,26.184082,0.0,0.0,0.0,-41.885376,83.150024,-69.06555
1768034117869,-0.9321289,0.056152344,-0.10253906,-1.4648438,-54.992676,26.184082,0.0,0.0,0.0,-5.7348633,74.141235,-28.899536
1768034117956,-0.94628906,-0.05859375,0.2446289,31.00586,33.5083,-19.226074,0.0,0.0,0.0,-5.7348633,74.141235,-28.899536
1768034117968,-0.94628906,-0.05859375,0.2446289,31.00586,33.5083,-19.226074,0.0,0.0,0.0,-6.0369873,77.420654,-31.591187
1768034118057,-1.1240234,-0.18359375,0.17041016,2.8686523,-14.282227,-4.0283203,0.0,0.0,0.0,-6.0369873,77.420654,-31.591187
1768034118068,-1.1240234,-0.18359375,0.17041016,2.8686523,-14.282227,-4.0283203,0.0,0.0,0.0,-9.84375,78.1897,-37.287598
1768034118156,-1.1879883,-0.13330078,0.14892578,-24.047852,62.927246,-6.4086914,0.0,0.0,0.0,-9.84375,78.1897,-37.287598
1768034118167,-1.1879883,-0.13330078,0.14892578,-24.047852,62.927246,-6.4086914,0.0,0.0,0.0,-17.600098,79.70032,-44.571533
1768034118255,-0.7080078,0.118652344,0.23925781,12.573242,15.136719,-8.117676,0.0,0.0,0.0,-17.600098,79.70032,-44.571533
1768034118267,-0.7080078,0.118652344,0.23925781,12.573242,15.136719,-8.117676,0.0,0.0,0.0,-38.47412,82.11182,-64.660034
1768034118355,-1.0888672,-0.08154297,0.25097656,32.165527,-42.3584,-4.8217773,0.0,0.0,0.0,-38.47412,82.11182,-64.660034
1768034118367,-1.0888672,-0.08154297,0.25097656,32.165527,-42.3584,-4.8217773,0.0,0.0,0.0,-40.874634,81.97449,-69.60388
1768034118455,-0.8754883,-0.08496094,-0.00390625,-2.4414062,10.925293,-6.8359375,0.0,0.0,0.0,-40.874634,81.97449,-69.60388
1768034118466,-0.8754883,-0.08496094,-0.00390625,-2.4414062,10.925293,-6.8359375,0.0,0.0,0.0,-21.939697,76.78894,-50.218506
1768034118554,-0.9472656,-0.04736328,0.15429688,-18.249512,-18.859863,10.437012,0.0,0.0,0.0,-21.939697,76.78894,-50.218506
1768034118566,-0.9472656,-0.04736328,0.15429688,-18.249512,-18.859863,10.437012,0.0,0.0,0.0,-26.174927,78.36548,-54.20105
1768034118654,-1.1435547,-0.049804688,0.03515625,-11.535645,17.028809,2.746582,0.0,0.0,0.0,-26.174927,78.36548,-54.20105
1768034118666,-1.1435547,-0.049804688,0.03515625,-11.535645,17.028809,2.746582,0.0,0.0,0.0,-22.675781,78.07434,-49.25171
1768034118754,-1.2226562,-0.07080078,0.08642578,0.0,23.010254,3.1738281,0.0,0.0,0.0,-22.675781,78.07434,-49.25171
1768034118765,-1.2226562,-0.07080078,0.08642578,0.0,23.010254,3.1738281,0.0,0.0,0.0,-25.411377,80.10132,-52.075195
1768034118854,-0.8696289,-0.13671875,0.23388672,-8.972168,24.108887,8.972168,0.0,0.0,0.0,-25.411377,80.10132,-52.075195
1768034118865,-0.8696289,-0.13671875,0.23388672,-8.972168,24.108887,8.972168,0.0,0.0,0.0,-26.773682,82.47986,-53.05298
1768034118953,-0.90722656,-0.078125,0.2783203,-1.159668,-6.225586,3.1738281,0.0,0.0,0.0,-26.773682,82.47986,-53.05298
1768034118965,-0.90722656,-0.078125,0.2783203,-1.159668,-6.225586,3.1738281,0.0,0.0,0.0,-30.146484,83.90259,-55.376587
1768034119053,-0.90966797,0.09472656,-0.021972656,8.056641,-53.344727,20.874023,0.0,0.0,0.0,-30.146484,83.90259,-55.376587
1768034119065,-0.90966797,0.09472656,-0.021972656,8.056641,-53.344727,20.874023,0.0,0.0,0.0,-4.4055176,77.24487,-27.894287
1768034119153,-0.93603516,-0.052734375,0.19580078,37.17041,15.197754,-12.451172,0.0,0.0,0.0,-4.4055176,77.24487,-27.894287
1768034119164,-0.93603516,-0.052734375,0.19580078,37.17041,15.197754,-12.451172,0.0,0.0,0.0,-4.4329834,79.2334,-31.096802
1768034119253,-1.0361328,-0.12060547,0.068847656,22.888184,19.65332,-5.92041,0.0,0.0,0.0,-4.4329834,79.2334,-31.096802
1768034119264,-1.0361328,-0.12060547,0.068847656,22.888184,19.65332,-5.92041,0.0,0.0,0.0,-7.6245117,79.46411,-36.897583
1768034119352,-1.2587891,-0.12451172,0.060058594,-15.930176,9.58252,6.591797,0.0,0.0,0.0,-7.6245117,79.46411,-36.897583
1768034119364,-1.2587891,-0.12451172,0.060058594,-15.930176,9.58252,6.591797,0.0,0.0,0.0,-11.074219,81.12854,-40.737305
1768034119452,-0.9848633,0.092285156,0.17578125,-6.7749023,19.470215,-9.765625,0.0,0.0,0.0,-11.074219,81.12854,-40.737305
1768034119463,-0.9848633,0.092285156,0.17578125,-6.7749023,19.470215,-9.765625,0.0,0.0,0.0,-24.499512,83.342285,-52.630005
1768034119552,-0.7114258,0.024902344,0.3310547,36.193848,23.55957,-20.751953,0.0,0.0,0.0,-24.499512,83.342285,-52.630005
1768034119563,-0.7114258,0.024902344,0.3310547,36.193848,23.55957,-20.751953,0.0,0.0,0.0,-41.69861,84.23767,-71.05957
1768034119651,-0.9897461,-0.19628906,0.079589844,-42.053223,-99.79248,11.108398,0.0,0.0,0.0,-41.69861,84.23767,-71.05957
1768034119663,-0.9897461,-0.19628906,0.079589844,-42.053223,-99.79248,11.108398,0.0,0.0,0.0,-22.285767,79.590454,-52.25647
1768034119751,-0.92578125,-0.025878906,0.11035156,-8.117676,25.390625,-1.5869141,0.0,0.0,0.0,-22.285767,79.590454,-52.25647
1768034119763,-0.92578125,-0.025878906,0.11035156,-8.117676,25.390625,-1.5869141,0.0,0.0,0.0,-21.483765,77.8656,-50.65796
1768034119851,-0.9951172,-0.03564453,0.076660156,-11.657715,-11.291504,2.0141602,0.0,0.0,0.0,-21.483765,77.8656,-50.65796
1768034119863,-0.9951172,-0.03564453,0.076660156,-11.657715,-11.291504,2.0141602,0.0,0.0,0.0,-20.22583,77.45911,-48.312378
1768034119950,-1.3583984,-0.0234375,0.08544922,7.9345703,6.8359375,1.953125,0.0,0.0,0.0,-20.22583,77.45911,-48.312378
1768034119962,-1.3583984,-0.0234375,0.08544922,7.9345703,6.8359375,1.953125,0.0,0.0,0.0,-21.31897,78.030396,-49.345093
1768034120050,-0.953125,-0.17089844,0.234375,1.5258789,37.29248,3.3569336,0.0,0.0,0.0,-21.31897,78.030396,-49.345093
1768034120062,-0.953125,-0.17089844,0.234375,1.5258789,37.29248,3.3569336,0.0,0.0,0.0,-28.070068,81.485596,-57.057495
1768034120150,-0.7495117,-0.09375,0.30810547,-11.962891,22.644043,14.404297,0.0,0.0,0.0,-28.070068,81.485596,-57.057495
1768034120162,-0.7495117,-0.09375,0.30810547,-11.962891,22.644043,14.404297,0.0,0.0,0.0,-35.9198,84.42993,-64.37439
1768034120250,-1.0498047,0.056640625,0.14013672,-32.714844,-116.94336,37.78076,0.0,0.0,0.0,-35.9198,84.42993,-64.37439
1768034120261,-1.0498047,0.056640625,0.14013672,-32.714844,-116.94336,37.78076,0.0,0.0,0.0,-9.09668,79.90906,-35.672607
1768034120349,-0.9008789,-0.021484375,0.1484375,21.911621,41.56494,0.0,0.0,0.0,0.0,-9.09668,79.90906,-35.672607
1768034120361,-0.9008789,-0.021484375,0.1484375,21.911621,41.56494,0.0,0.0,0.0,0.0,3.619995,77.7832,-24.334717
1768034120449,-0.9663086,-0.096191406,0.1743164,15.50293,-17.63916,1.7089844,0.0,0.0,0.0,3.619995,77.7832,-24.334717
1768034120460,-0.9663086,-0.096191406,0.1743164,15.50293,-17.63916,1.7089844,0.0,0.0,0.0,4.251709,78.947754,-26.575928
1768034120549,-1.2143555,-0.13085938,-0.012207031,8.544922,25.512695,-1.7700195,0.0,0.0,0.0,4.251709,78.947754,-26.575928
1768034120560,-1.2143555,-0.13085938,-0.012207031,8.544922,25.512695,-1.7700195,0.0,0.0,0.0,4.9383545,79.2334,-27.49878
1768034120648,-1.1635742,-0.09033203,0.22705078,-8.056641,20.202637,-16.174316,0.0,0.0,0.0,4.9383545,79.2334,-27.49878
1768034120660,-1.1635742,-0.09033203,0.22705078,-8.056641,20.202637,-16.174316,0.0,0.0,0.0,-0.10986328,82.65564,-32.178955
1768034120748,-0.7573242,0.09472656,0.21435547,9.58252,-0.8544922,-21.30127,0.0,0.0,0.0,-0.10986328,82.65564,-32.178955
1768034120760,-0.7573242,0.09472656,0.21435547,9.58252,-0.8544922,-21.30127,0.0,0.0,0.0,-14.188843,82.55676,-45.60974
1768034120848,-1.003418,0.0043945312,0.2783203,35.705566,-31.799316,-16.052246,0.0,0.0,0.0,-14.188843,82.55676,-45.60974
1768034120859,-1.003418,0.0043945312,0.2783203,35.705566,-31.799316,-16.052246,0.0,0.0,0.0,-25.301514,81.69983,-59.33716
1768034120948,-0.9345703,-0.0625,-0.005859375,5.432129,-4.5776367,-13.183594,0.0,0.0,0.0,-25.301514,81.69983,-59.33716
1768034120959,-0.9345703,-0.0625,-0.005859375,5.432129,-4.5776367,-13.183594,0.0,0.0,0.0,-15.979614,75.48157,-50.476685
1768034121047,-0.9584961,-0.030273438,0.1928711,-7.873535,-9.460449,6.8359375,0.0,0.0,0.0,-15.979614,75.48157,-50.476685
1768034121059,-0.9584961,-0.030273438,0.1928711,-7.873535,-9.460449,6.8359375,0.0,0.0,0.0,-18.539429,76.84387,-53.21228
1768034121147,-1.0966797,-0.05078125,0.088378906,-10.314941,18.066406,2.1362305,0.0,0.0,0.0,-18.539429,76.84387,-53.21228
1768034121159,-1.0966797,-0.05078125,0.088378906,-10.314941,18.066406,2.1362305,0.0,0.0,0.0,-17.44629,77.43713,-51.44348
1768034121247,-1.2128906,-0.023925781,0.12841797,0.8544922,34.240723,-0.12207031,0.0,0.0,0.0,-17.44629,77.43713,-51.44348
1768034121258,-1.2128906,-0.023925781,0.12841797,0.8544922,34.240723,-0.12207031,0.0,0.0,0.0,-19.91272,79.37622,-53.5968
1768034121346,-0.75097656,-0.114746094,0.23828125,0.24414062,24.780273,1.7700195,0.0,0.0,0.0,-19.91272,79.37622,-53.5968
1768034121358,-0.75097656,-0.114746094,0.23828125,0.24414062,24.780273,1.7700195,0.0,0.0,0.0,-26.965942,82.06787,-61.193848
1768034121446,-0.9892578,0.018554688,0.2446289,-7.751465,-53.649902,7.1411133,0.0,0.0,0.0,-26.965942,82.06787,-61.193848
1768034121458,-0.9892578,0.018554688,0.2446289,-7.751465,-53.649902,7.1411133,0.0,0.0,0.0,-23.219604,82.25464,-56.51367
1768034121546,-0.93359375,-0.060546875,0.048828125,19.958496,-10.803223,5.6152344,0.0,0.0,0.0,-23.219604,82.25464,-56.51367
1768034121557,-0.93359375,-0.060546875,0.048828125,19.958496,-10.803223,5.6152344,0.0,0.0,0.0,-4.75708,75.41016,-37.023926
1768034121646,-0.9472656,-0.06689453,0.23291016,8.911133,8.7890625,-2.4414062,0.0,0.0,0.0,-4.75708,75.41016,-37.023926
1768034121657,-0.9472656,-0.06689453,0.23291016,8.911133,8.7890625,-2.4414062,0.0,0.0,0.0,-5.1086426,77.10205,-39.276123
1768034121746,-1.1025391,-0.06542969,0.19873047,17.211914,8.972168,-3.479004,0.0,0.0,0.0,-5.1086426,77.10205,-39.276123
1768034121757,-1.1025391,-0.06542969,0.19873047,17.211914,8.972168,-3.479004,0.0,0.0,0.0,-5.9051514,77.717285,-41.09436
1768034121845,-1.1826172,-0.19970703,0.10839844,-12.817383,44.921875,-0.36621094,0.0,0.0,0.0,-5.9051514,77.717285,-41.09436
1768034121856,-1.1826172,-0.19970703,0.10839844,-12.817383,44.921875,-0.36621094,0.0,0.0,0.0,-7.8552246,79.0686,-44.055176
1768034121945,-0.84033203,0.07470703,0.16064453,1.3427734,4.638672,-13.183594,0.0,0.0,0.0,-7.8552246,79.0686,-44.055176
1768034121956,-0.84033203,0.07470703,0.16064453,1.3427734,4.638672,-13.183594,0.0,0.0,0.0,-20.264282,80.68359,-55.45349
1768034122044,-0.8701172,0.07519531,0.3647461,37.231445,15.625,-18.737793,0.0,0.0,0.0,-20.264282,80.68359,-55.45349
1768034122056,-0.8701172,0.07519531,0.3647461,37.231445,15.625,-18.737793,0.0,0.0,0.0,-31.810913,81.16699,-68.499756
1768034122144,-0.90722656,-0.24365234,0.040527344,-18.798828,-92.77344,-3.1738281,0.0,0.0,0.0,-31.810913,81.16699,-68.499756
1768034122156,-0.90722656,-0.24365234,0.040527344,-18.798828,-92.77344,-3.1738281,0.0,0.0,0.0,-20.621338,76.27258,-57.79358
1768034122244,-0.90185547,-0.020019531,0.21582031,0.061035156,16.113281,-1.4038086,0.0,0.0,0.0,-20.621338,76.27258,-57.79358
1768034122255,-0.90185547,-0.020019531,0.21582031,0.061035156,16.113281,-1.4038086,0.0,0.0,0.0,-23.461304,75.31677,-60.43579
1768034122344,-1.0351562,-0.123535156,0.18652344,-6.4697266,-5.004883,9.82666,0.0,0.0,0.0,-23.461304,75.31677,-60.43579
1768034122355,-1.0351562,-0.123535156,0.18652344,-6.4697266,-5.004883,9.82666,0.0,0.0,0.0,-20.703735,75.19043,-57.16736
1768034122443,-1.2485352,-0.12646484,0.11279297,-5.493164,30.029297,4.3945312,0.0,0.0,0.0,-20.703735,75.19043,-57.16736
1768034122455,-1.2485352,-0.12646484,0.11279297,-5.493164,30.029297,4.3945312,0.0,0.0,0.0,-20.401611,76.28357,-56.585083
1768034122543,-0.91748047,-0.10888672,0.2758789,8.605957,24.658203,1.4038086,0.0,0.0,0.0,-20.401611,76.28357,-56.585083
1768034122554,-0.91748047,-0.10888672,0.2758789,8.605957,24.658203,1.4038086,0.0,0.0,0.0,-26.213379,79.76074,-62.803345
1768034122643,-0.87353516,-0.095214844,0.36865234,-7.5683594,7.385254,3.540039,0.0,0.0,0.0,-26.213379,79.76074,-62.803345
1768034122654,-0.87353516,-0.095214844,0.36865234,-7.5683594,7.385254,3.540039,0.0,0.0,0.0,-28.839111,81.381226,-65.07202
1768034122742,-0.89941406,-0.045898438,0.09667969,-7.5683594,-87.03613,22.888184,0.0,0.0,0.0,-28.839111,81.381226,-65.07202
1768034122754,-0.89941406,-0.045898438,0.09667969,-7.5683594,-87.03613,22.888184,0.0,0.0,0.0,-15.737915,76.84387,-50.960083
1768034122842,-0.88964844,-0.1171875,0.16259766,11.230469,23.986816,-4.699707,0.0,0.0,0.0,-15.737915,76.84387,-50.960083
1768034122854,-0.88964844,-0.1171875,0.16259766,11.230469,23.986816,-4.699707,0.0,0.0,0.0,-10.881958,75.05859,-46.82373
1768034122942,-0.97265625,-0.07324219,0.23486328,-4.0893555,-3.2348633,-0.9765625,0.0,0.0,0.0,-10.881958,75.05859,-46.82373
1768034122953,-0.97265625,-0.07324219,0.23486328,-4.0893555,-3.2348633,-0.9765625,0.0,0.0,0.0,-13.051758,75.9375,-49.746094
1768034123042,-1.1689453,-0.16259766,0.028320312,11.84082,14.831543,-7.751465,0.0,0.0,0.0,-13.051758,75.9375,-49.746094
1768034123053,-1.1689453,-0.16259766,0.028320312,11.84082,14.831543,-7.751465,0.0,0.0,0.0,-15.062256,76.34949,-53.047485
1768034123141,-1.1616211,-0.18261719,0.2783203,2.0751953,22.827148,-23.4375,0.0,0.0,0.0,-15.062256,76.34949,-53.047485
1768034123153,-1.1616211,-0.18261719,0.2783203,2.0751953,22.827148,-23.4375,0.0,0.0,0.0,-27.960205,79.0741,-66.33545
1768034123241,-0.7055664,0.09814453,0.2866211,17.150879,2.319336,-8.361816,0.0,0.0,0.0,-27.960205,79.0741,-66.33545
1768034123252,-0.7055664,0.09814453,0.2866211,17.150879,2.319336,-8.361816,0.0,0.0,0.0,-33.134766,78.01941,-72.29004
1768034123341,-1.0356445,-0.27148438,0.24658203,19.592285,-40.83252,3.8452148,0.0,0.0,0.0,-33.134766,78.01941,-72.29004
1768034123352,-1.0356445,-0.27148438,0.24658203,19.592285,-40.83252,3.8452148,0.0,0.0,0.0,-32.266846,77.06909,-73.82263
1768034123440,-0.9375,-0.08642578,0.07763672,-17.089844,-12.390137,3.6010742,0.0,0.0,0.0,-32.266846,77.06909,-73.82263
1768034123452,-0.9375,-0.08642578,0.07763672,-17.089844,-12.390137,3.6010742,0.0,0.0,0.0,-22.835083,72.25159,-61.66626
1768034123540,-0.9345703,-0.07470703,0.21728516,-5.2490234,1.5258789,9.338379,0.0,0.0,0.0,-22.835083,72.25159,-61.66626
1768034123553,-0.9345703,-0.07470703,0.21728516,-5.2490234,1.5258789,9.338379,0.0,0.0,0.0,-23.285522,73.87756,-61.677246
1768034123643,-1.1274414,-0.10498047,0.091796875,3.540039,12.023926,1.3427734,0.0,0.0,0.0,-23.285522,73.87756,-61.677246
1768034123652,-1.1274414,-0.10498047,0.091796875,3.540039,12.023926,1.3427734,0.0,0.0,0.0,-24.32373,75.22888,-63.22632
1768034123740,-1.1416016,-0.123046875,0.2319336,18.615723,46.691895,-2.1362305,0.0,0.0,0.0,-24.32373,75.22888,-63.22632
1768034123751,-1.1416016,-0.123046875,0.2319336,18.615723,46.691895,-2.1362305,0.0,0.0,0.0,-28.059082,77.958984,-68.186646
1768034123839,-0.7089844,-0.19873047,0.28515625,-7.6293945,26.245117,-2.0751953,0.0,0.0,0.0,-28.059082,77.958984,-68.186646
1768034123851,-0.7089844,-0.19873047,0.28515625,-7.6293945,26.245117,-2.0751953,0.0,0.0,0.0,-38.589478,80.48035,-79.678345
1768034123939,-1.0239258,0.059570312,0.2685547,-20.629883,-69.70215,19.836426,0.0,0.0,0.0,-38.589478,80.48035,-79.678345
1768034123950,-1.0239258,0.059570312,0.2685547,-20.629883,-69.70215,19.836426,0.0,0.0,0.0,-32.486572,79.65088,-71.32324
1768034124039,-0.93066406,-0.07714844,-9.765625E-4,9.82666,5.6762695,2.2583008,0.0,0.0,0.0,-32.486572,79.65088,-71.32324
1768034124050,-0.93066406,-0.07714844,-9.765625E-4,9.82666,5.6762695,2.2583008,0.0,0.0,0.0,-11.162109,72.82837,-47.15332
1768034124138,-0.98876953,-0.10449219,0.2685547,3.6621094,9.399414,3.3569336,0.0,0.0,0.0,-11.162109,72.82837,-47.15332
1768034124150,-0.98876953,-0.10449219,0.2685547,3.6621094,9.399414,3.3569336,0.0,0.0,0.0,-13.914185,75.860596,-51.80603
1768034124238,-1.0859375,-0.12207031,0.07861328,17.089844,28.625488,0.9765625,0.0,0.0,0.0,-13.914185,75.860596,-51.80603
1768034124250,-1.0859375,-0.12207031,0.07861328,17.089844,28.625488,0.9765625,0.0,0.0,0.0,-13.540649,76.84387,-51.470947
1768034124338,-1.1503906,-0.20605469,0.20117188,-16.357422,18.371582,-5.493164,0.0,0.0,0.0,-13.540649,76.84387,-51.470947
1768034124349,-1.1503906,-0.20605469,0.20117188,-16.357422,18.371582,-5.493164,0.0,0.0,0.0,-17.775879,79.39819,-55.524902
1768034124438,-0.7182617,0.099609375,0.21240234,4.272461,1.5258789,-10.7421875,0.0,0.0,0.0,-17.775879,79.39819,-55.524902
1768034124449,-0.7182617,0.099609375,0.21240234,4.272461,1.5258789,-10.7421875,0.0,0.0,0.0,-24.796143,78.76099,-61.57837
1768034124537,-1.0244141,-0.032714844,0.33740234,35.15625,-8.850098,-16.479492,0.0,0.0,0.0,-24.796143,78.76099,-61.57837
1768034124549,-1.0244141,-0.032714844,0.33740234,35.15625,-8.850098,-16.479492,0.0,0.0,0.0,-31.794434,78.97522,-71.14746
1768034124637,-0.9003906,-0.06982422,-0.012207031,-12.756348,-28.015137,-5.6152344,0.0,0.0,0.0,-31.794434,78.97522,-71.14746
1768034124649,-0.9003906,-0.06982422,-0.012207031,-12.756348,-28.015137,-5.6152344,0.0,0.0,0.0,-21.066284,73.24585,-58.809814
1768034124737,-0.9301758,-0.07373047,0.20898438,-9.887695,-3.7841797,6.652832,0.0,0.0,0.0,-21.066284,73.24585,-58.809814
1768034124748,-0.9301758,-0.07373047,0.20898438,-9.887695,-3.7841797,6.652832,0.0,0.0,0.0,-23.692017,74.871826,-61.155396
1768034124836,-1.09375,-0.107421875,0.11425781,-12.878418,18.005371,2.8076172,0.0,0.0,0.0,-23.692017,74.871826,-61.155396
1768034124848,-1.09375,-0.107421875,0.11425781,-12.878418,18.005371,2.8076172,0.0,0.0,0.0,-22.675781,75.16846,-58.562622
1768034124936,-1.1845703,-0.0068359375,0.16503906,5.065918,22.949219,-5.79834,0.0,0.0,0.0,-22.675781,75.16846,-58.562622
1768034124948,-1.1845703,-0.0068359375,0.16503906,5.065918,22.949219,-5.79834,0.0,0.0,0.0,-26.09253,76.75049,-61.638794
1768034125036,-0.76416016,-0.17333984,0.25048828,12.268066,33.5083,0.4272461,0.0,0.0,0.0,-26.09253,76.75049,-61.638794
1768034125047,-0.76416016,-0.17333984,0.25048828,12.268066,33.5083,0.4272461,0.0,0.0,0.0,-33.22815,79.50806,-70.18616
1768034125136,-0.9272461,-0.009277344,0.3251953,5.432129,-22.888184,15.625,0.0,0.0,0.0,-33.22815,79.50806,-70.18616
1768034125147,-0.9272461,-0.009277344,0.3251953,5.432129,-22.888184,15.625,0.0,0.0,0.0,-37.89734,80.76599,-74.28406
1768034125235,-0.8725586,-0.115234375,0.03125,9.460449,-68.66455,17.578125,0.0,0.0,0.0,-37.89734,80.76599,-74.28406
1768034125247,-0.8725586,-0.115234375,0.03125,9.460449,-68.66455,17.578125,0.0,0.0,0.0,-10.887451,73.77869,-45.1593
1768034125335,-0.94677734,-0.08496094,0.2475586,20.751953,35.88867,-7.080078,0.0,0.0,0.0,-10.887451,73.77869,-45.1593
1768034125346,-0.94677734,-0.08496094,0.2475586,20.751953,35.88867,-7.080078,0.0,0.0,0.0,-10.843506,75.70679,-47.208252
1768034125435,-1.0078125,-0.111328125,0.1977539,3.6010742,-12.084961,6.0424805,0.0,0.0,0.0,-10.843506,75.70679,-47.208252
1768034125446,-1.0078125,-0.111328125,0.1977539,3.6010742,-12.084961,6.0424805,0.0,0.0,0.0,-11.508179,76.47034,-48.55957
1768034125534,-1.2958984,-0.23632812,0.1694336,-25.45166,52.246094,3.90625,0.0,0.0,0.0,-11.508179,76.47034,-48.55957
1768034125546,-1.2958984,-0.23632812,0.1694336,-25.45166,52.246094,3.90625,0.0,0.0,0.0,-12.3376465,77.909546,-49.11438
1768034125634,-0.8251953,0.104003906,0.23486328,-8.483887,6.958008,-0.91552734,0.0,0.0,0.0,-12.3376465,77.909546,-49.11438
1768034125646,-0.8251953,0.104003906,0.23486328,-8.483887,6.958008,-0.91552734,0.0,0.0,0.0,-26.586914,80.37048,-61.567383
1768034125734,-0.8588867,0.041992188,0.3305664,36.193848,7.873535,-17.333984,0.0,0.0,0.0,-26.586914,80.37048,-61.567383
1768034125746,-0.8588867,0.041992188,0.3305664,36.193848,7.873535,-17.333984,0.0,0.0,0.0,-31.256104,80.78247,-67.335205
1768034125834,-0.87841797,-0.15527344,0.021972656,-12.084961,-60.48584,3.0517578,0.0,0.0,0.0,-31.256104,80.78247,-67.335205
1768034125845,-0.87841797,-0.15527344,0.021972656,-12.084961,-60.48584,3.0517578,0.0,0.0,0.0,-20.341187,76.04736,-56.37085
1768034125933,-0.89941406,-0.051757812,0.1875,-5.3710938,17.8833,-0.48828125,0.0,0.0,0.0,-20.341187,76.04736,-56.37085
1768034125945,-0.89941406,-0.051757812,0.1875,-5.3710938,17.8833,-0.48828125,0.0,0.0,0.0,-24.944458,77.33276,-60.512695
1768034126033,-1.0996094,-0.08935547,0.053222656,-8.483887,16.845703,-1.4038086,0.0,0.0,0.0,-24.944458,77.33276,-60.512695
1768034126045,-1.0996094,-0.08935547,0.053222656,-8.483887,16.845703,-1.4038086,0.0,0.0,0.0,-25.977173,77.7832,-60.111694
1768034126133,-1.2207031,-0.06347656,0.096191406,2.380371,41.68701,-1.4648438,0.0,0.0,0.0,-25.977173,77.7832,-60.111694
1768034126144,-1.2207031,-0.06347656,0.096191406,2.380371,41.68701,-1.4648438,0.0,0.0,0.0,-31.959229,79.68384,-65.808105
1768034126232,-0.83447266,-0.17333984,0.21386719,0.36621094,7.5683594,2.380371,0.0,0.0,0.0,-31.959229,79.68384,-65.808105
1768034126244,-0.83447266,-0.17333984,0.21386719,0.36621094,7.5683594,2.380371,0.0,0.0,0.0,-42.39624,82.19971,-76.65161
1768034126332,-0.86816406,-0.0625,0.2788086,-5.3710938,-13.793945,3.90625,0.0,0.0,0.0,-42.39624,82.19971,-76.65161
1768034126344,-0.86816406,-0.0625,0.2788086,-5.3710938,-13.793945,3.90625,0.0,0.0,0.0,-40.46814,82.63367,-72.85034
1768034126432,-0.9550781,-0.09277344,-0.045410156,5.7373047,-33.75244,11.901855,0.0,0.0,0.0,-40.46814,82.63367,-72.85034
1768034126443,-0.9550781,-0.09277344,-0.045410156,5.7373047,-33.75244,11.901855,0.0,0.0,0.0,-14.661255,77.59094,-44.752808
1768034126532,-0.9169922,-0.10888672,0.171875,11.108398,7.019043,-3.2348633,0.0,0.0,0.0,-14.661255,77.59094,-44.752808
1768034126543,-0.9169922,-0.10888672,0.171875,11.108398,7.019043,-3.2348633,0.0,0.0,0.0,-15.188599,79.0741,-46.472168
1768034126631,-1.0888672,-0.15283203,0.067871094,6.8359375,14.343262,2.0141602,0.0,0.0,0.0,-15.188599,79.0741,-46.472168
1768034126643,-1.0888672,-0.15283203,0.067871094,6.8359375,14.343262,2.0141602,0.0,0.0,0.0,-13.815308,78.947754,-45.302124
1768034126731,-1.2636719,-0.16113281,0.12451172,-23.742676,32.287598,-1.4038086,0.0,0.0,0.0,-13.815308,78.947754,-45.302124
1768034126743,-1.2636719,-0.16113281,0.12451172,-23.742676,32.287598,-1.4038086,0.0,0.0,0.0,-19.451294,80.722046,-50.614014
1768034126831,-0.7363281,0.14404297,0.22851562,9.82666,6.958008,-0.61035156,0.0,0.0,0.0,-19.451294,80.722046,-50.614014
1768034126842,-0.7363281,0.14404297,0.22851562,9.82666,6.958008,-0.61035156,0.0,0.0,0.0,-30.750732,82.02942,-60.611572
1768034126930,-1.0063477,-0.03173828,0.24316406,33.935547,-28.625488,-13.48877,0.0,0.0,0.0,-30.750732,82.02942,-60.611572
1768034126942,-1.0063477,-0.03173828,0.24316406,33.935547,-28.625488,-13.48877,0.0,0.0,0.0,-33.71704,82.08984,-65.80261
1768034127030,-0.9301758,-0.118652344,-0.040039062,1.8920898,-43.884277,-9.765625,0.0,0.0,0.0,-33.71704,82.08984,-65.80261
1768034127042,-0.9301758,-0.118652344,-0.040039062,1.8920898,-43.884277,-9.765625,0.0,0.0,0.0,-19.193115,76.1792,-51.21826
1768034127130,-0.89404297,-0.028320312,0.18115234,-2.2583008,-1.4038086,0.79345703,0.0,0.0,0.0,-19.193115,76.1792,-51.21826
1768034127142,-0.89404297,-0.028320312,0.18115234,-2.2583008,-1.4038086,0.79345703,0.0,0.0,0.0,-23.867798,77.23389,-56.134644
1768034127230,-1.0854492,-0.095214844,0.055664062,-7.6904297,10.559082,1.5258789,0.0,0.0,0.0,-23.867798,77.23389,-56.134644
1768034127241,-1.0854492,-0.095214844,0.055664062,-7.6904297,10.559082,1.5258789,0.0,0.0,0.0,-23.148193,77.420654,-54.508667
1768034127329,-1.2734375,-0.060546875,0.06298828,-9.765625,31.860352,1.6479492,0.0,0.0,0.0,-23.148193,77.420654,-54.508667
1768034127342,-1.2734375,-0.060546875,0.06298828,-9.765625,31.860352,1.6479492,0.0,0.0,0.0,-26.790161,79.227905,-57.48047
1768034127429,-0.8544922,-0.16503906,0.265625,0.79345703,14.892578,1.8310547,0.0,0.0,0.0,-26.790161,79.227905,-57.48047
1768034127441,-0.8544922,-0.16503906,0.265625,0.79345703,14.892578,1.8310547,0.0,0.0,0.0,-32.492065,81.54053,-63.08899
1768034127529,-0.859375,-0.1015625,0.30859375,-2.4414062,-16.296387,0.0,0.0,0.0,0.0,-32.492065,81.54053,-63.08899
1768034127540,-0.859375,-0.1015625,0.30859375,-2.4414062,-16.296387,0.0,0.0,0.0,0.0,-32.332764,81.41968,-61.60034
1768034127628,-0.87158203,0.028320312,0.0546875,4.638672,-61.523438,20.568848,0.0,0.0,0.0,-32.332764,81.41968,-61.60034
1768034127640,-0.87158203,0.028320312,0.0546875,4.638672,-61.523438,20.568848,0.0,0.0,0.0,-10.244751,75.459595,-37.820435
1768034127728,-0.91748047,-0.104003906,0.21484375,35.949707,28.930664,-10.192871,0.0,0.0,0.0,-10.244751,75.459595,-37.820435
1768034127740,-0.91748047,-0.104003906,0.21484375,35.949707,28.930664,-10.192871,0.0,0.0,0.0,-12.030029,77.3822,-42.665405
1768034127828,-1.1220703,-0.16845703,0.087890625,4.699707,-4.5166016,2.9907227,0.0,0.0,0.0,-12.030029,77.3822,-42.665405
1768034127839,-1.1220703,-0.16845703,0.087890625,4.699707,-4.5166016,2.9907227,0.0,0.0,0.0,-11.151123,77.61841,-43.170776
1768034127928,-1.2666016,-0.18554688,0.20117188,-11.413574,45.166016,-6.225586,0.0,0.0,0.0,-11.151123,77.61841,-43.170776
1768034127939,-1.2666016,-0.18554688,0.20117188,-11.413574,45.166016,-6.225586,0.0,0.0,0.0,-21.121216,81.309814,-53.761597
1768034128027,-0.765625,0.068847656,0.17578125,10.192871,6.225586,-3.8452148,0.0,0.0,0.0,-21.121216,81.309814,-53.761597
1768034128039,-0.765625,0.068847656,0.17578125,10.192871,6.225586,-3.8452148,0.0,0.0,0.0,-26.169434,81.77673,-58.337402
1768034128127,-0.8745117,-0.03515625,0.30371094,47.973633,14.831543,-22.155762,0.0,0.0,0.0,-26.169434,81.77673,-58.337402
1768034128139,-0.8745117,-0.03515625,0.30371094,47.973633,14.831543,-22.155762,0.0,0.0,0.0,-41.33606,82.63367,-76.04736
1768034128227,-0.8623047,-0.07470703,-0.040039062,-10.803223,-58.654785,2.0751953,0.0,0.0,0.0,-41.33606,82.63367,-76.04736
1768034128239,-0.8623047,-0.07470703,-0.040039062,-10.803223,-58.654785,2.0751953,0.0,0.0,0.0,-20.79712,77.178955,-54.157104
1768034128326,-0.9243164,-0.05419922,0.14453125,-16.906738,-4.211426,-0.7324219,0.0,0.0,0.0,-20.79712,77.178955,-54.157104
1768034128338,-0.9243164,-0.05419922,0.14453125,-16.906738,-4.211426,-0.7324219,0.0,0.0,0.0,-25.510254,78.21716,-58.134155
1768034128427,-1.1484375,-0.056640625,0.07470703,-17.578125,-2.5634766,-6.8969727,0.0,0.0,0.0,-25.510254,78.21716,-58.134155
1768034128438,-1.1484375,-0.056640625,0.07470703,-17.578125,-2.5634766,-6.8969727,0.0,0.0,0.0,-25.636597,77.091064,-55.72815
1768034128526,-1.2250977,-0.0703125,0.119140625,-12.390137,39.42871,-2.8076172,0.0,0.0,0.0,-25.636597,77.091064,-55.72815
1768034128537,-1.2250977,-0.0703125,0.119140625,-12.390137,39.42871,-2.8076172,0.0,0.0,0.0,-30.421143,78.04138,-59.403076
1768034128626,-0.82958984,-0.16357422,0.2602539,9.887695,20.751953,0.7324219,0.0,0.0,0.0,-30.421143,78.04138,-59.403076
1768034128637,-0.82958984,-0.16357422,0.2602539,9.887695,20.751953,0.7324219,0.0,0.0,0.0,-40.231934,80.80994,-69.54346
1768034128726,-0.8979492,-0.051757812,0.27490234,-2.2583008,-24.475098,4.5776367,0.0,0.0,0.0,-40.231934,80.80994,-69.54346
1768034128737,-0.8979492,-0.051757812,0.27490234,-2.2583008,-24.475098,4.5776367,0.0,0.0,0.0,-38.919067,81.205444,-67.65381
1768034128825,-0.8828125,-0.041503906,0.030761719,7.507324,-56.33545,17.578125,0.0,0.0,0.0,-38.919067,81.205444,-67.65381
1768034128837,-0.8828125,-0.041503906,0.030761719,7.507324,-56.33545,17.578125,0.0,0.0,0.0,-12.557373,75.34973,-39.25415
1768034128925,-0.94433594,-0.12451172,0.16992188,19.28711,21.911621,-0.36621094,0.0,0.0,0.0,-12.557373,75.34973,-39.25415
1768034128936,-0.94433594,-0.12451172,0.16992188,19.28711,21.911621,-0.36621094,0.0,0.0,0.0,-10.728149,76.744995,-39.396973
1768034129024,-1.0395508,-0.17480469,0.17578125,7.5683594,14.465332,-2.4414062,0.0,0.0,0.0,-10.728149,76.744995,-39.396973
1768034129036,-1.0395508,-0.17480469,0.17578125,7.5683594,14.465332,-2.4414062,0.0,0.0,0.0,-12.930908,78.20068,-43.12683
1768034129124,-1.262207,-0.06542969,0.064453125,-26.062012,27.46582,8.239746,0.0,0.0,0.0,-12.930908,78.20068,-43.12683
1768034129136,-1.262207,-0.06542969,0.064453125,-26.062012,27.46582,8.239746,0.0,0.0,0.0,-17.006836,79.20593,-46.741333
1768034129224,-0.84472656,0.06347656,0.18310547,2.0141602,29.785156,-4.211426,0.0,0.0,0.0,-17.006836,79.20593,-46.741333
1768034129236,-0.84472656,0.06347656,0.18310547,2.0141602,29.785156,-4.211426,0.0,0.0,0.0,-29.805908,82.10083,-58.26599
1768034129324,-0.82958984,-0.021972656,0.31933594,36.071777,14.770508,-17.51709,0.0,0.0,0.0,-29.805908,82.10083,-58.26599
1768034129335,-0.82958984,-0.021972656,0.31933594,36.071777,14.770508,-17.51709,0.0,0.0,0.0,-46.884155,83.2489,-77.12402
1768034129423,-0.82421875,-0.06640625,0.036621094,-6.4086914,-87.768555,3.3569336,0.0,0.0,0.0,-46.884155,83.2489,-77.12402
1768034129436,-0.82421875,-0.06640625,0.036621094,-6.4086914,-87.768555,3.3569336,0.0,0.0,0.0,-23.582153,78.19519,-53.217773
1768034129523,-0.9526367,-0.07324219,0.17041016,-7.2631836,18.249512,-0.061035156,0.0,0.0,0.0,-23.582153,78.19519,-53.217773
1768034129535,-0.9526367,-0.07324219,0.17041016,-7.2631836,18.249512,-0.061035156,0.0,0.0,0.0,-24.53247,77.91504,-54.069214
1768034129623,-1.1303711,-0.051757812,0.08886719,-24.658203,-15.930176,2.319336,0.0,0.0,0.0,-24.53247,77.91504,-54.069214
1768034129634,-1.1303711,-0.051757812,0.08886719,-24.658203,-15.930176,2.319336,0.0,0.0,0.0,-23.76892,77.48108,-51.43799
1768034129722,-1.2641602,-0.022460938,0.12207031,-9.155273,27.648926,2.1362305,0.0,0.0,0.0,-23.76892,77.48108,-51.43799
1768034129734,-1.2641602,-0.022460938,0.12207031,-9.155273,27.648926,2.1362305,0.0,0.0,0.0,-28.795166,78.41492,-55.18982
1768034129822,-0.7426758,-0.19628906,0.23828125,-2.6855469,34.057617,10.681152,0.0,0.0,0.0,-28.795166,78.41492,-55.18982
1768034129834,-0.7426758,-0.19628906,0.23828125,-2.6855469,34.057617,10.681152,0.0,0.0,0.0,-34.085083,81.73828,-59.661255
1768034129922,-1.0327148,0.0,0.24023438,-6.4086914,-43.762207,4.1503906,0.0,0.0,0.0,-34.085083,81.73828,-59.661255
1768034129933,-1.0327148,0.0,0.24023438,-6.4086914,-43.762207,4.1503906,0.0,0.0,0.0,-40.979004,82.457886,-66.50574
1768034130022,-0.87402344,0.0087890625,-0.020019531,30.151367,-29.724121,3.90625,0.0,0.0,0.0,-40.979004,82.457886,-66.50574
1768034130033,-0.87402344,0.0087890625,-0.020019531,30.151367,-29.724121,3.90625,0.0,0.0,0.0,-7.970581,75.73425,-31.71753
1768034130121,-0.9838867,-0.072753906,0.19824219,39.30664,28.9917,-12.756348,0.0,0.0,0.0,-7.970581,75.73425,-31.71753
1768034130133,-0.9838867,-0.072753906,0.19824219,39.30664,28.9917,-12.756348,0.0,0.0,0.0,-10.365601,78.60718,-38.276367
1768034130221,-1.0693359,-0.21875,0.12207031,10.559082,9.643555,-8.239746,0.0,0.0,0.0,-10.365601,78.60718,-38.276367
1768034130232,-1.0693359,-0.21875,0.12207031,10.559082,9.643555,-8.239746,0.0,0.0,0.0,-14.419556,79.77173,-45.076904
1768034130321,-1.1953125,-0.14355469,0.047851562,-41.748047,35.827637,9.338379,0.0,0.0,0.0,-14.419556,79.77173,-45.076904
1768034130332,-1.1953125,-0.14355469,0.047851562,-41.748047,35.827637,9.338379,0.0,0.0,0.0,-20.588379,81.40869,-50.251465
1768034130420,-0.7832031,0.067871094,0.171875,-11.047363,11.59668,-2.6245117,0.0,0.0,0.0,-20.588379,81.40869,-50.251465
1768034130432,-0.7832031,0.067871094,0.171875,-11.047363,11.59668,-2.6245117,0.0,0.0,0.0,-33.936768,82.98523,-60.79834
1768034130520,-0.9042969,-0.010253906,0.3544922,39.55078,7.5683594,-11.230469,0.0,0.0,0.0,-33.936768,82.98523,-60.79834
1768034130532,-0.9042969,-0.010253906,0.3544922,39.55078,7.5683594,-11.230469,0.0,0.0,0.0,-46.274414,83.688354,-73.99841
1768034130620,-0.8852539,-0.07080078,-0.111328125,-10.803223,-66.467285,0.4272461,0.0,0.0,0.0,-46.274414,83.688354,-73.99841
1768034130632,-0.8852539,-0.07080078,-0.111328125,-10.803223,-66.467285,0.4272461,0.0,0.0,0.0,-20.115967,77.717285,-46.774292
1768034130720,-0.9067383,-0.013671875,0.2006836,-5.004883,5.3100586,-3.4179688,0.0,0.0,0.0,-20.115967,77.717285,-46.774292
1768034130731,-0.9067383,-0.013671875,0.2006836,-5.004883,5.3100586,-3.4179688,0.0,0.0,0.0,-25.383911,78.881836,-51.778564
1768034130819,-1.1713867,-0.033203125,0.060546875,-4.5776367,5.065918,-7.080078,0.0,0.0,0.0,-25.383911,78.881836,-51.778564
1768034130831,-1.1713867,-0.033203125,0.060546875,-4.5776367,5.065918,-7.080078,0.0,0.0,0.0,-25.565186,78.31604,-50.690918
1768034130919,-1.2080078,-0.057128906,0.09667969,6.958008,29.35791,-2.4414062,0.0,0.0,0.0,-25.565186,78.31604,-50.690918
1768034130931,-1.2080078,-0.057128906,0.09667969,6.958008,29.35791,-2.4414062,0.0,0.0,0.0,-29.866333,79.40369,-55.145874
1768034131019,-0.81640625,-0.20019531,0.21386719,-3.2348633,19.104004,-5.126953,0.0,0.0,0.0,-29.866333,79.40369,-55.145874
1768034131030,-0.81640625,-0.20019531,0.21386719,-3.2348633,19.104004,-5.126953,0.0,0.0,0.0,-38.254395,81.5625,-64.017334
1768034131118,-0.8901367,-0.041503906,0.28710938,-2.1362305,-18.188477,6.0424805,0.0,0.0,0.0,-38.254395,81.5625,-64.017334
1768034131130,-0.8901367,-0.041503906,0.28710938,-2.1362305,-18.188477,6.0424805,0.0,0.0,0.0,-44.68689,81.99646,-69.13147
1768034131218,-0.91845703,0.063964844,0.060546875,-3.2958984,-87.95166,39.42871,0.0,0.0,0.0,-44.68689,81.99646,-69.13147
1768034131230,-0.91845703,0.063964844,0.060546875,-3.2958984,-87.95166,39.42871,0.0,0.0,0.0,-14.859009,76.46484,-36.765747
1768034131318,-0.9189453,-0.08251953,0.14550781,23.010254,30.578613,-3.9672852,0.0,0.0,0.0,-14.859009,76.46484,-36.765747
1768034131330,-0.9189453,-0.08251953,0.14550781,23.010254,30.578613,-3.9672852,0.0,0.0,0.0,-12.5354,77.838135,-36.271362
1768034131418,-1.043457,-0.1640625,0.15429688,17.63916,3.4179688,-0.8544922,0.0,0.0,0.0,-12.5354,77.838135,-36.271362
1768034131429,-1.043457,-0.1640625,0.15429688,17.63916,3.4179688,-0.8544922,0.0,0.0,0.0,-12.793579,78.777466,-38.913574
1768034131517,-1.2763672,-0.13916016,0.08642578,-16.540527,29.174805,5.92041,0.0,0.0,0.0,-12.793579,78.777466,-38.913574
1768034131529,-1.2763672,-0.13916016,0.08642578,-16.540527,29.174805,5.92041,0.0,0.0,0.0,-16.78711,80.17273,-43.341064
1768034131617,-0.9301758,0.076660156,0.16992188,4.4555664,20.629883,-4.0283203,0.0,0.0,0.0,-16.78711,80.17273,-43.341064
1768034131629,-0.9301758,0.076660156,0.16992188,4.4555664,20.629883,-4.0283203,0.0,0.0,0.0,-29.602661,82.298584,-55.27771
1768034131717,-0.78125,-0.040527344,0.34765625,45.715332,29.11377,-20.935059,0.0,0.0,0.0,-29.602661,82.298584,-55.27771
1768034131729,-0.78125,-0.040527344,0.34765625,45.715332,29.11377,-20.935059,0.0,0.0,0.0,-45.653687,83.38074,-73.81714
1768034131816,-0.9394531,-0.13232422,0.08496094,-39.978027,-105.041504,8.239746,0.0,0.0,0.0,-45.653687,83.38074,-73.81714
1768034131828,-0.9394531,-0.13232422,0.08496094,-39.978027,-105.041504,8.239746,0.0,0.0,0.0,-23.439331,78.36548,-51.663208
1768034131916,-0.91796875,-0.057617188,0.12988281,-5.1879883,22.766113,-2.2583008,0.0,0.0,0.0,-23.439331,78.36548,-51.663208
1768034131928,-0.91796875,-0.057617188,0.12988281,-5.1879883,22.766113,-2.2583008,0.0,0.0,0.0,-23.862305,77.72827,-52.338867
1768034132016,-1.0571289,-0.056152344,0.110839844,-22.094727,-6.8359375,0.7324219,0.0,0.0,0.0,-23.862305,77.72827,-52.338867
1768034132027,-1.0571289,-0.056152344,0.110839844,-22.094727,-6.8359375,0.7324219,0.0,0.0,0.0,-24.09851,77.37671,-50.718384
1768034132116,-1.2983398,-0.060058594,0.0107421875,-11.291504,11.535645,1.2817383,0.0,0.0,0.0,-24.09851,77.37671,-50.718384
1768034132127,-1.2983398,-0.060058594,0.0107421875,-11.291504,11.535645,1.2817383,0.0,0.0,0.0,-25.691528,77.69531,-50.98755
1768034132215,-0.95166016,-0.15625,0.2783203,-6.591797,29.47998,5.6152344,0.0,0.0,0.0,-25.691528,77.69531,-50.98755
1768034132227,-0.95166016,-0.15625,0.2783203,-6.591797,29.47998,5.6152344,0.0,0.0,0.0,-31.184692,80.842896,-55.96985
1768034132315,-0.82421875,-0.19873047,0.35351562,-3.3569336,12.817383,-2.0141602,0.0,0.0,0.0,-31.184692,80.842896,-55.96985
1768034132326,-0.82421875,-0.19873047,0.35351562,-3.3569336,12.817383,-2.0141602,0.0,0.0,0.0,-39.561768,82.74353,-64.00635
1768034132415,-0.953125,-0.018066406,0.1303711,-26.733398,-120.72754,45.715332,0.0,0.0,0.0,-39.561768,82.74353,-64.00635
1768034132426,-0.953125,-0.018066406,0.1303711,-26.733398,-120.72754,45.715332,0.0,0.0,0.0,-14.628296,77.43164,-36.52954
1768034132514,-0.88427734,-0.080566406,0.16015625,31.25,43.21289,-9.277344,0.0,0.0,0.0,-14.628296,77.43164,-36.52954
1768034132526,-0.88427734,-0.080566406,0.16015625,31.25,43.21289,-9.277344,0.0,0.0,0.0,-7.1520996,76.73401,-30.772705
1768034132614,-0.9477539,-0.12060547,0.18603516,6.286621,-7.385254,1.2207031,0.0,0.0,0.0,-7.1520996,76.73401,-30.772705
1768034132626,-0.9477539,-0.12060547,0.18603516,6.286621,-7.385254,1.2207031,0.0,0.0,0.0,-9.437256,78.09082,-35.892334
1768034132714,-1.2978516,-0.140625,0.06933594,-4.211426,22.460938,0.36621094,0.0,0.0,0.0,-9.437256,78.09082,-35.892334
1768034132725,-1.2978516,-0.140625,0.06933594,-4.211426,22.460938,0.36621094,0.0,0.0,0.0,-10.8654785,78.5907,-38.095093
1768034132814,-1.1142578,0.0063476562,0.19726562,-12.817383,4.1503906,-7.6293945,0.0,0.0,0.0,-10.8654785,78.5907,-38.095093
1768034132825,-1.1142578,0.0063476562,0.19726562,-12.817383,4.1503906,-7.6293945,0.0,0.0,0.0,-16.314697,80.45288,-42.022705
1768034132913,-0.72216797,0.033203125,0.35107422,29.60205,36.8042,-17.39502,0.0,0.0,0.0,-16.314697,80.45288,-42.022705
1768034132925,-0.72216797,0.033203125,0.35107422,29.60205,36.8042,-17.39502,0.0,0.0,0.0,-23.675537,81.74927,-50.526123
1768034133013,-1.0175781,-0.104003906,0.15527344,4.1503906,-78.063965,-0.12207031,0.0,0.0,0.0,-23.675537,81.74927,-50.526123
1768034133024,-1.0175781,-0.104003906,0.15527344,4.1503906,-78.063965,-0.12207031,0.0,0.0,0.0,-28.14148,80.17273,-58.74939
1768034133113,-0.91308594,-0.023925781,0.055664062,14.221191,39.733887,-13.48877,0.0,0.0,0.0,-28.14148,80.17273,-58.74939
1768034133124,-0.91308594,-0.023925781,0.055664062,14.221191,39.733887,-13.48877,0.0,0.0,0.0,-18.36914,75.651855,-48.186035
1768034133212,-1.0380859,-0.0703125,0.20117188,-6.286621,-8.850098,-12.329102,0.0,0.0,0.0,-18.36914,75.651855,-48.186035
1768034133224,-1.0380859,-0.0703125,0.20117188,-6.286621,-8.850098,-12.329102,0.0,0.0,0.0,-25.548706,77.299805,-56.376343
1768034133312,-1.2915039,-0.057617188,0.037109375,38.146973,25.45166,-33.325195,0.0,0.0,0.0,-25.548706,77.299805,-56.376343
1768034133324,-1.2915039,-0.057617188,0.037109375,38.146973,25.45166,-33.325195,0.0,0.0,0.0,-31.228638,76.503296,-64.32495
1768034133412,-0.9614258,-0.17089844,0.27246094,71.5332,26.916504,-41.19873,0.0,0.0,0.0,-31.228638,76.503296,-64.32495
1768034133423,-0.9614258,-0.17089844,0.27246094,71.5332,26.916504,-41.19873,0.0,0.0,0.0,-47.93335,76.73401,-87.231445
1768034133512,-0.8071289,-0.16503906,0.31640625,39.733887,30.578613,-20.385742,0.0,0.0,0.0,-47.93335,76.73401,-87.231445
1768034133523,-0.8071289,-0.16503906,0.31640625,39.733887,30.578613,-20.385742,0.0,0.0,0.0,-59.265747,76.25061,-103.87024
1768034133611,-0.9038086,-0.23339844,0.13378906,17.333984,-72.87598,6.5307617,0.0,0.0,0.0,-59.265747,76.25061,-103.87024
1768034133623,-0.9038086,-0.23339844,0.13378906,17.333984,-72.87598,6.5307617,0.0,0.0,0.0,-48.098145,73.67981,-96.448975
1768034133711,-0.87597656,-0.2475586,0.099121094,45.776367,31.433105,-30.88379,0.0,0.0,0.0,-48.098145,73.67981,-96.448975
1768034133723,-0.87597656,-0.2475586,0.099121094,45.776367,31.433105,-30.88379,0.0,0.0,0.0,-42.610474,71.54846,-95.18005
1768034133811,-0.9838867,-0.35595703,0.23095703,35.339355,23.254395,-33.081055,0.0,0.0,0.0,-42.610474,71.54846,-95.18005
1768034133822,-0.9838867,-0.35595703,0.23095703,35.339355,23.254395,-33.081055,0.0,0.0,0.0,-51.19629,71.14746,-108.41858
1768034133910,-1.0634766,-0.375,0.20507812,29.846191,14.343262,-34.240723,0.0,0.0,0.0,-51.19629,71.14746,-108.41858
1768034133922,-1.0634766,-0.375,0.20507812,29.846191,14.343262,-34.240723,0.0,0.0,0.0,-58.260498,69.48303,-119.328
1768034134010,-0.84033203,-0.16845703,0.18652344,18.615723,42.48047,-32.89795,0.0,0.0,0.0,-58.260498,69.48303,-119.328
1768034134022,-0.84033203,-0.16845703,0.18652344,18.615723,42.48047,-32.89795,0.0,0.0,0.0,-64.0448,67.17041,-127.4469
1768034134110,-0.94091797,-0.40039062,0.19042969,14.465332,-14.892578,-18.432617,0.0,0.0,0.0,-64.0448,67.17041,-127.4469
1768034134121,-0.94091797,-0.40039062,0.19042969,14.465332,-14.892578,-18.432617,0.0,0.0,0.0,-68.236084,66.90674,-133.64319
1768034134210,-0.83154297,-0.39746094,0.033203125,-13.85498,13.305664,4.638672,0.0,0.0,0.0,-68.236084,66.90674,-133.64319
1768034134221,-0.83154297,-0.39746094,0.033203125,-13.85498,13.305664,4.638672,0.0,0.0,0.0,-66.50574,64.58862,-131.12732
1768034134310,-0.83251953,-0.38964844,0.2133789,-10.009766,-9.887695,22.521973,0.0,0.0,0.0,-66.50574,64.58862,-131.12732
1768034134322,-0.83251953,-0.38964844,0.2133789,-10.009766,-9.887695,22.521973,0.0,0.0,0.0,-68.88428,66.56616,-131.64917
1768034134409,-1.0927734,-0.453125,0.015136719,-16.052246,-23.498535,12.329102,0.0,0.0,0.0,-68.88428,66.56616,-131.64917
1768034134420,-1.0927734,-0.453125,0.015136719,-16.052246,-23.498535,12.329102,0.0,0.0,0.0,-61.80359,66.73645,-122.18445
1768034134509,-0.9140625,-0.41015625,0.27783203,-14.038086,35.7666,-0.4272461,0.0,0.0,0.0,-61.80359,66.73645,-122.18445
1768034134520,-0.9140625,-0.41015625,0.27783203,-14.038086,35.7666,-0.4272461,0.0,0.0,0.0,-68.10974,67.8186,-126.61194
1768034134608,-0.88378906,-0.1303711,0.30078125,1.8310547,-10.620117,37.109375,0.0,0.0,0.0,-68.10974,67.8186,-126.61194
1768034134620,-0.88378906,-0.1303711,0.30078125,1.8310547,-10.620117,37.109375,0.0,0.0,0.0,-72.421875,69.625854,-128.86414
1768034134708,-0.8964844,-0.3774414,0.0053710938,2.319336,-31.677246,14.465332,0.0,0.0,0.0,-72.421875,69.625854,-128.86414
1768034134720,-0.8964844,-0.3774414,0.0053710938,2.319336,-31.677246,14.465332,0.0,0.0,0.0,-53.201294,69.09851,-107.39685
1768034134808,-0.8129883,-0.21826172,0.18945312,5.79834,7.1411133,-0.30517578,0.0,0.0,0.0,-53.201294,69.09851,-107.39685
1768034134819,-0.8129883,-0.21826172,0.18945312,5.79834,7.1411133,-0.30517578,0.0,0.0,0.0,-55.32715,69.922485,-109.53369
1768034134908,-0.9614258,-0.3334961,0.20214844,-11.108398,-4.8828125,-1.159668,0.0,0.0,0.0,-55.32715,69.922485,-109.53369
1768034134919,-0.9614258,-0.3334961,0.20214844,-11.108398,-4.8828125,-1.159668,0.0,0.0,0.0,-54.525146,69.69177,-107.786865
1768034135007,-1.1240234,-0.3408203,0.11621094,-5.065918,-5.6762695,-2.6245117,0.0,0.0,0.0,-54.525146,69.69177,-107.786865
1768034135019,-1.1240234,-0.3408203,0.11621094,-5.065918,-5.6762695,-2.6245117,0.0,0.0,0.0,-54.959106,69.59839,-107.006836
1768034135107,-1.0136719,-0.43017578,0.17919922,-0.7324219,16.784668,-32.165527,0.0,0.0,0.0,-54.959106,69.59839,-107.006836
1768034135125,-1.0136719,-0.43017578,0.17919922,-0.7324219,16.784668,-32.165527,0.0,0.0,0.0,-59.507446,68.85681,-111.225586
1768034135207,-0.765625,-0.07714844,0.26757812,6.225586,2.4414062,11.474609,0.0,0.0,0.0,-59.507446,68.85681,-111.225586
1768034135221,-0.765625,-0.07714844,0.26757812,6.225586,2.4414062,11.474609,0.0,0.0,0.0,-63.20984,68.31848,-114.96094
1768034135306,-0.95703125,-0.45117188,0.14550781,-4.333496,-62.072754,-24.475098,0.0,0.0,0.0,-63.20984,68.31848,-114.96094
1768034135318,-0.95703125,-0.45117188,0.14550781,-4.333496,-62.072754,-24.475098,0.0,0.0,0.0,-55.881958,67.95593,-107.786865
1768034135406,-0.8466797,-0.41455078,0.044921875,-26.855469,21.972656,2.0751953,0.0,0.0,0.0,-55.881958,67.95593,-107.786865
1768034135418,-0.8466797,-0.41455078,0.044921875,-26.855469,21.972656,2.0751953,0.0,0.0,0.0,-55.03601,66.19263,-106.397095
1768034135506,-0.9399414,-0.21826172,0.29248047,-12.451172,1.6479492,10.192871,0.0,0.0,0.0,-55.03601,66.19263,-106.397095
1768034135517,-0.9399414,-0.21826172,0.29248047,-12.451172,1.6479492,10.192871,0.0,0.0,0.0,-61.270752,68.02185,-111.35193
1768034135606,-1.2177734,-0.50439453,0.0043945312,-5.6152344,0.36621094,3.479004,0.0,0.0,0.0,-61.270752,68.02185,-111.35193
1768034135617,-1.2177734,-0.50439453,0.0043945312,-5.6152344,0.36621094,3.479004,0.0,0.0,0.0,-56.156616,68.05481,-105.35339
1768034135705,-0.8046875,-0.3154297,0.2529297,-2.380371,43.151855,-1.159668,0.0,0.0,0.0,-56.156616,68.05481,-105.35339
1768034135717,-0.8046875,-0.3154297,0.2529297,-2.380371,43.151855,-1.159668,0.0,0.0,0.0,-71.02112,69.922485,-120.32776
1768034135805,-0.89746094,-0.0546875,0.21533203,20.874023,-26.428223,31.37207,0.0,0.0,0.0,-71.02112,69.922485,-120.32776
1768034135817,-0.89746094,-0.0546875,0.21533203,20.874023,-26.428223,31.37207,0.0,0.0,0.0,-71.26831,72.125244,-120.531006
1768034135905,-0.87060547,-0.41064453,0.036621094,4.9438477,-13.427734,13.61084,0.0,0.0,0.0,-71.26831,72.125244,-120.531006
1768034135916,-0.87060547,-0.41064453,0.036621094,4.9438477,-13.427734,13.61084,0.0,0.0,0.0,-47.856445,70.982666,-95.92163
1768034136004,-0.8955078,-0.17675781,0.21484375,-3.7231445,12.390137,-1.3427734,0.0,0.0,0.0,-47.856445,70.982666,-95.92163
1768034136016,-0.8955078,-0.17675781,0.21484375,-3.7231445,12.390137,-1.3427734,0.0,0.0,0.0,-57.304688,71.7572,-105.9906
1768034136104,-0.9926758,-0.34570312,0.1875,8.972168,0.91552734,-7.9345703,0.0,0.0,0.0,-57.304688,71.7572,-105.9906
1768034136116,-0.9926758,-0.34570312,0.1875,8.972168,0.91552734,-7.9345703,0.0,0.0,0.0,-54.470215,71.14746,-102.65076
1768034136204,-1.1489258,-0.44140625,0.091308594,-21.1792,22.033691,-7.507324,0.0,0.0,0.0,-54.470215,71.14746,-102.65076
1768034136216,-1.1489258,-0.44140625,0.091308594,-21.1792,22.033691,-7.507324,0.0,0.0,0.0,-59.177856,70.460815,-107.056274
1768034136304,-0.7973633,-0.16796875,0.14550781,-3.1738281,4.8828125,-14.587402,0.0,0.0,0.0,-59.177856,70.460815,-107.056274
1768034136315,-0.7973633,-0.16796875,0.14550781,-3.1738281,4.8828125,-14.587402,0.0,0.0,0.0,-67.46704,69.11499,-114.42261
1768034136403,-0.9038086,-0.030761719,0.27001953,21.66748,-6.958008,5.92041,0.0,0.0,0.0,-67.46704,69.11499,-114.42261
1768034136415,-0.9038086,-0.030761719,0.27001953,21.66748,-6.958008,5.92041,0.0,0.0,0.0,-65.56641,69.82361,-113.34595
1768034136503,-0.8276367,-0.66015625,9.765625E-4,11.962891,-21.911621,-12.390137,0.0,0.0,0.0,-65.56641,69.82361,-113.34595
1768034136515,-0.8276367,-0.66015625,9.765625E-4,11.962891,-21.911621,-12.390137,0.0,0.0,0.0,-54.81079,66.61011,-103.013306
1768034136603,-0.8876953,-0.2578125,0.23486328,-23.925781,12.6953125,21.30127,0.0,0.0,0.0,-54.81079,66.61011,-103.013306
1768034136614,-0.8876953,-0.2578125,0.23486328,-23.925781,12.6953125,21.30127,0.0,0.0,0.0,-59.55139,68.04932,-106.19385
1768034136703,-1.0561523,-0.32373047,0.13183594,-8.728027,-33.38623,19.592285,0.0,0.0,0.0,-59.55139,68.04932,-106.19385
1768034136716,-1.0561523,-0.32373047,0.13183594,-8.728027,-33.38623,19.592285,0.0,0.0,0.0,-55.24475,68.79089,-100.217285
1768034136802,-1.1635742,-0.35107422,0.12841797,-14.709473,62.072754,-4.5166016,0.0,0.0,0.0,-55.24475,68.79089,-100.217285
1768034136814,-1.1635742,-0.35107422,0.12841797,-14.709473,62.072754,-4.5166016,0.0,0.0,0.0,-57.716675,69.971924,-101.8927
1768034136902,-0.7216797,-0.26904297,0.23486328,-6.713867,9.82666,9.033203,0.0,0.0,0.0,-57.716675,69.971924,-101.8927
1768034136913,-0.7216797,-0.26904297,0.23486328,-6.713867,9.82666,9.033203,0.0,0.0,0.0,-67.77466,71.87805,-111.81885
1768034137002,-0.9736328,-0.11328125,0.2211914,-12.451172,-58.166504,27.09961,0.0,0.0,0.0,-67.77466,71.87805,-111.81885
1768034137014,-0.9736328,-0.11328125,0.2211914,-12.451172,-58.166504,27.09961,0.0,0.0,0.0,-60.100708,72.872314,-102.27722
1768034137101,-0.85009766,-0.28320312,0.111328125,-6.225586,6.164551,11.535645,0.0,0.0,0.0,-60.100708,72.872314,-102.27722
1768034137113,-0.85009766,-0.28320312,0.111328125,-6.225586,6.164551,11.535645,0.0,0.0,0.0,-44.71985,72.10327,-85.56152
1768034137201,-0.94873047,-0.17529297,0.18847656,-3.2348633,-21.362305,8.178711,0.0,0.0,0.0,-44.71985,72.10327,-85.56152
1768034137212,-0.94873047,-0.17529297,0.18847656,-3.2348633,-21.362305,8.178711,0.0,0.0,0.0,-44.472656,72.647095,-85.05066
1768034137301,-1.0908203,-0.3647461,0.15478516,11.108398,18.676758,-5.6762695,0.0,0.0,0.0,-44.472656,72.647095,-85.05066
1768034137312,-1.0908203,-0.3647461,0.15478516,11.108398,18.676758,-5.6762695,0.0,0.0,0.0,-43.764038,73.10852,-85.25391
1768034137400,-1.1689453,-0.39111328,0.16894531,-10.681152,33.26416,-15.258789,0.0,0.0,0.0,-43.764038,73.10852,-85.25391
1768034137412,-1.1689453,-0.39111328,0.16894531,-10.681152,33.26416,-15.258789,0.0,0.0,0.0,-51.89392,73.63037,-94.0155
1768034137500,-0.7182617,-0.053222656,0.24316406,5.79834,20.446777,-2.8076172,0.0,0.0,0.0,-51.89392,73.63037,-94.0155
1768034137512,-0.7182617,-0.053222656,0.24316406,5.79834,20.446777,-2.8076172,0.0,0.0,0.0,-62.193604,73.39966,-104.80408
1768034137600,-1.0341797,-0.14160156,0.2290039,-1.0986328,-58.410645,5.493164,0.0,0.0,0.0,-62.193604,73.39966,-104.80408
1768034137611,-1.0341797,-0.14160156,0.2290039,-1.0986328,-58.410645,5.493164,0.0,0.0,0.0,-58.03528,73.17444,-101.62903
1768034137700,-0.86865234,-0.32373047,0.059570312,-35.52246,29.724121,6.958008,0.0,0.0,0.0,-58.03528,73.17444,-101.62903
1768034137711,-0.86865234,-0.32373047,0.059570312,-35.52246,29.724121,6.958008,0.0,0.0,0.0,-49.641724,70.76843,-91.466675
1768034137799,-0.9448242,-0.22265625,0.20751953,-54.870605,-19.958496,27.832031,0.0,0.0,0.0,-49.641724,70.76843,-91.466675
1768034137811,-0.9448242,-0.22265625,0.20751953,-54.870605,-19.958496,27.832031,0.0,0.0,0.0,-55.447998,73.14697,-93.26843
1768034137899,-1.2495117,-0.20263672,-0.12011719,-38.33008,7.751465,19.042969,0.0,0.0,0.0,-55.447998,73.14697,-93.26843
1768034137910,-1.2495117,-0.20263672,-0.12011719,-38.33008,7.751465,19.042969,0.0,0.0,0.0,-49.51538,73.756714,-82.37549
1768034137999,-1.0917969,-0.13085938,0.19482422,-14.038086,35.27832,18.981934,0.0,0.0,0.0,-49.51538,73.756714,-82.37549
1768034138010,-1.0917969,-0.13085938,0.19482422,-14.038086,35.27832,18.981934,0.0,0.0,0.0,-59.56787,77.22839,-90.52185
1768034138098,-0.6748047,-0.29101562,0.26367188,-20.629883,13.916016,11.169434,0.0,0.0,0.0,-59.56787,77.22839,-90.52185
1768034138110,-0.6748047,-0.29101562,0.26367188,-20.629883,13.916016,11.169434,0.0,0.0,0.0,-65.945435,79.20044,-95.147095
1768034138198,-1.0625,0.01953125,0.24511719,-40.46631,-98.083496,46.203613,0.0,0.0,0.0,-65.945435,79.20044,-95.147095
1768034138210,-1.0625,0.01953125,0.24511719,-40.46631,-98.083496,46.203613,0.0,0.0,0.0,-47.647705,79.14551,-74.18518
1768034138298,-0.84472656,-0.09277344,0.099121094,19.592285,2.0751953,-3.2958984,0.0,0.0,0.0,-47.647705,79.14551,-74.18518
1768034138310,-0.84472656,-0.09277344,0.099121094,19.592285,2.0751953,-3.2958984,0.0,0.0,0.0,-18.116455,74.77295,-44.02771
1768034138398,-1.0830078,-0.15332031,0.24511719,19.65332,-4.272461,2.0751953,0.0,0.0,0.0,-18.116455,74.77295,-44.02771
1768034138409,-1.0830078,-0.15332031,0.24511719,19.65332,-4.272461,2.0751953,0.0,0.0,0.0,-17.583618,76.00342,-46.274414
1768034138497,-1.1977539,-0.23632812,0.026855469,13.61084,17.51709,-1.953125,0.0,0.0,0.0,-17.583618,76.00342,-46.274414
1768034138509,-1.1977539,-0.23632812,0.026855469,13.61084,17.51709,-1.953125,0.0,0.0,0.0,-17.990112,76.294556,-49.312134
1768034138597,-1.0693359,-0.17236328,0.26171875,-16.357422,36.43799,-8.361816,0.0,0.0,0.0,-17.990112,76.294556,-49.312134
1768034138608,-1.0693359,-0.17236328,0.26171875,-16.357422,36.43799,-8.361816,0.0,0.0,0.0,-27.460327,79.887085,-58.447266
1768034138697,-0.7265625,0.08105469,0.3256836,14.587402,16.540527,5.2490234,0.0,0.0,0.0,-27.460327,79.887085,-58.447266
1768034138708,-0.7265625,0.08105469,0.3256836,14.587402,16.540527,5.2490234,0.0,0.0,0.0,-40.204468,80.96924,-70.45532
1768034138796,-0.9868164,-0.111816406,0.19042969,-8.361816,-80.81055,4.5776367,0.0,0.0,0.0,-40.204468,80.96924,-70.45532
1768034138808,-0.9868164,-0.111816406,0.19042969,-8.361816,-80.81055,4.5776367,0.0,0.0,0.0,-29.959717,79.70032,-61.655273
1768034138896,-0.9116211,-0.049804688,0.061035156,-15.136719,13.366699,1.8310547,0.0,0.0,0.0,-29.959717,79.70032,-61.655273
1768034138908,-0.9116211,-0.049804688,0.061035156,-15.136719,13.366699,1.8310547,0.0,0.0,0.0,-18.099976,74.13025,-47.719116
1768034138996,-1.0107422,0.0,0.18554688,-19.226074,1.5869141,-0.91552734,0.0,0.0,0.0,-18.099976,74.13025,-47.719116
1768034139007,-1.0107422,0.0,0.18554688,-19.226074,1.5869141,-0.91552734,0.0,0.0,0.0,-22.131958,75.98694,-50.57556
1768034139095,-1.3012695,-0.107421875,0.013183594,7.8125,13.977051,0.0,0.0,0.0,0.0,-22.131958,75.98694,-50.57556
1768034139107,-1.3012695,-0.107421875,0.013183594,7.8125,13.977051,0.0,0.0,0.0,0.0,-21.92871,76.47034,-50.31189
1768034139195,-1.0644531,-0.1303711,0.3203125,-7.8125,42.23633,5.7373047,0.0,0.0,0.0,-21.92871,76.47034,-50.31189
1768034139207,-1.0644531,-0.1303711,0.3203125,-7.8125,42.23633,5.7373047,0.0,0.0,0.0,-31.431885,80.07385,-60.666504
1768034139295,-0.72802734,-0.14941406,0.34423828,-14.404297,19.348145,-15.014648,0.0,0.0,0.0,-31.431885,80.07385,-60.666504
1768034139306,-0.72802734,-0.14941406,0.34423828,-14.404297,19.348145,-15.014648,0.0,0.0,0.0,-46.06018,82.35901,-74.679565
1768034139395,-0.9951172,0.037109375,0.15722656,-52.612305,-125.73242,41.44287,0.0,0.0,0.0,-46.06018,82.35901,-74.679565
1768034139406,-0.9951172,0.037109375,0.15722656,-52.612305,-125.73242,41.44287,0.0,0.0,0.0,-25.532227,79.03015,-51.1084
1768034139494,-0.83740234,-0.05908203,0.10107422,25.20752,47.60742,-11.291504,0.0,0.0,0.0,-25.532227,79.03015,-51.1084
1768034139506,-0.83740234,-0.05908203,0.10107422,25.20752,47.60742,-11.291504,0.0,0.0,0.0,-11.436768,74.83887,-37.677612
1768034139594,-1.0791016,-0.13916016,0.24072266,31.555176,12.573242,-1.6479492,0.0,0.0,0.0,-11.436768,74.83887,-37.677612
1768034139605,-1.0791016,-0.13916016,0.24072266,31.555176,12.573242,-1.6479492,0.0,0.0,0.0,-15.655518,78.22266,-45.81299
1768034139694,-1.3046875,-0.20800781,0.055664062,-2.4414062,23.31543,1.4648438,0.0,0.0,0.0,-15.655518,78.22266,-45.81299
1768034139705,-1.3046875,-0.20800781,0.055664062,-2.4414062,23.31543,1.4648438,0.0,0.0,0.0,-19.204102,78.53577,-50.707397
1768034139793,-1.0522461,0.025390625,0.2319336,-3.3569336,17.028809,-18.554688,0.0,0.0,0.0,-19.204102,78.53577,-50.707397
1768034139805,-1.0522461,0.025390625,0.2319336,-3.3569336,17.028809,-18.554688,0.0,0.0,0.0,-33.88733,80.90332,-64.51721
1768034139893,-0.71777344,0.068359375,0.3256836,33.691406,19.65332,-9.765625,0.0,0.0,0.0,-33.88733,80.90332,-64.51721
1768034139905,-0.71777344,0.068359375,0.3256836,33.691406,19.65332,-9.765625,0.0,0.0,0.0,-40.215454,81.70532,-72.993164
1768034139993,-0.90185547,-0.15185547,0.10986328,-35.27832,-82.39746,0.9765625,0.0,0.0,0.0,-40.215454,81.70532,-72.993164
1768034140004,-0.90185547,-0.15185547,0.10986328,-35.27832,-82.39746,0.9765625,0.0,0.0,0.0,-25.43335,77.65137,-58.19458
1768034140093,-0.9560547,-0.063964844,0.15039062,-21.30127,19.714355,3.479004,0.0,0.0,0.0,-25.43335,77.65137,-58.19458
1768034140104,-0.9560547,-0.063964844,0.15039062,-21.30127,19.714355,3.479004,0.0,0.0,0.0,-21.76941,76.28357,-52.608032
1768034140192,-1.0561523,0.013183594,0.095703125,-16.967773,-17.578125,2.6855469,0.0,0.0,0.0,-21.76941,76.28357,-52.608032
1768034140204,-1.0561523,0.013183594,0.095703125,-16.967773,-17.578125,2.6855469,0.0,0.0,0.0,-22.428589,76.24512,-51.32263
1768034140292,-1.2626953,-0.16796875,0.09765625,-6.0424805,35.095215,-7.019043,0.0,0.0,0.0,-22.428589,76.24512,-51.32263
1768034140303,-1.2626953,-0.16796875,0.09765625,-6.0424805,35.095215,-7.019043,0.0,0.0,0.0,-28.509521,78.079834,-57.288208
1768034140392,-1.0004883,-0.15625,0.3408203,-1.3427734,9.094238,-4.8217773,0.0,0.0,0.0,-28.509521,78.079834,-57.288208
1768034140403,-1.0004883,-0.15625,0.3408203,-1.3427734,9.094238,-4.8217773,0.0,0.0,0.0,-36.17798,79.94751,-64.434814
1768034140491,-0.77783203,-0.17285156,0.32910156,-13.48877,3.2348633,0.0,0.0,0.0,0.0,-36.17798,79.94751,-64.434814
1768034140503,-0.77783203,-0.17285156,0.32910156,-13.48877,3.2348633,0.0,0.0,0.0,0.0,-38.583984,79.94751,-65.703735
1768034140591,-0.8515625,-0.03857422,0.17236328,-27.832031,-89.35547,30.456543,0.0,0.0,0.0,-38.583984,79.94751,-65.703735
1768034140603,-0.8515625,-0.03857422,0.17236328,-27.832031,-89.35547,30.456543,0.0,0.0,0.0,-18.792114,75.58594,-43.115845
1768034140691,-0.9291992,-0.15673828,0.18359375,13.61084,25.817871,0.9765625,0.0,0.0,0.0,-18.792114,75.58594,-43.115845
1768034140702,-0.9291992,-0.15673828,0.18359375,13.61084,25.817871,0.9765625,0.0,0.0,0.0,-13.573608,74.174194,-39.155273
1768034140790,-1.0097656,-0.12402344,0.18457031,-0.6713867,-4.1503906,9.094238,0.0,0.0,0.0,-13.573608,74.174194,-39.155273
1768034140802,-1.0097656,-0.12402344,0.18457031,-0.6713867,-4.1503906,9.094238,0.0,0.0,0.0,-14.265747,75.38818,-41.121826
1768034140891,-1.2944336,-0.14160156,0.12109375,-13.61084,28.503418,11.962891,0.0,0.0,0.0,-14.265747,75.38818,-41.121826
1768034140902,-1.2944336,-0.14160156,0.12109375,-13.61084,28.503418,11.962891,0.0,0.0,0.0,-13.848267,76.986694,-40.83618
1768034140990,-1.0205078,0.05078125,0.24121094,-4.1503906,23.55957,-2.319336,0.0,0.0,0.0,-13.848267,76.986694,-40.83618
1768034141001,-1.0205078,0.05078125,0.24121094,-4.1503906,23.55957,-2.319336,0.0,0.0,0.0,-21.94519,80.024414,-47.384033
1768034141090,-0.68310547,0.047851562,0.33740234,41.381836,22.338867,-9.82666,0.0,0.0,0.0,-21.94519,80.024414,-47.384033
1768034141101,-0.68310547,0.047851562,0.33740234,41.381836,22.338867,-9.82666,0.0,0.0,0.0,-23.92273,81.94702,-51.602783
1768034141189,-0.95166016,-0.13574219,0.11425781,-36.8042,-90.94238,6.1035156,0.0,0.0,0.0,-23.92273,81.94702,-51.602783
1768034141201,-0.95166016,-0.13574219,0.11425781,-36.8042,-90.94238,6.1035156,0.0,0.0,0.0,-15.661011,78.21167,-45.060425
1768034141289,-0.9560547,-0.013183594,0.083984375,-12.023926,28.442383,-6.4697266,0.0,0.0,0.0,-15.661011,78.21167,-45.060425
1768034141300,-0.9560547,-0.013183594,0.083984375,-12.023926,28.442383,-6.4697266,0.0,0.0,0.0,-14.864502,75.90454,-42.93457
1768034141389,-1.0053711,-0.045898438,0.17333984,-15.686035,-8.911133,-8.300781,0.0,0.0,0.0,-14.864502,75.90454,-42.93457
1768034141401,-1.0053711,-0.045898438,0.17333984,-15.686035,-8.911133,-8.300781,0.0,0.0,0.0,-20.401611,77.211914,-47.36206
1768034141488,-1.3710938,-0.061035156,-0.0034179688,-1.159668,23.80371,-3.9672852,0.0,0.0,0.0,-20.401611,77.211914,-47.36206
1768034141500,-1.3710938,-0.061035156,-0.0034179688,-1.159668,23.80371,-3.9672852,0.0,0.0,0.0,-21.022339,76.38245,-47.559814
1768034141588,-0.9946289,-0.21582031,0.34423828,21.30127,46.38672,-2.1362305,0.0,0.0,0.0,-21.022339,76.38245,-47.559814
1768034141599,-0.9946289,-0.21582031,0.34423828,21.30127,46.38672,-2.1362305,0.0,0.0,0.0,-34.68933,81.22742,-62.42981
1768034141688,-0.7114258,-0.21777344,0.31152344,-12.451172,-1.7089844,-11.535645,0.0,0.0,0.0,-34.68933,81.22742,-62.42981
1768034141699,-0.7114258,-0.21777344,0.31152344,-12.451172,-1.7089844,-11.535645,0.0,0.0,0.0,-50.806274,82.073364,-78.10181
1768034141787,-0.8491211,0.029785156,0.123046875,-14.953613,-114.868164,50.41504,0.0,0.0,0.0,-50.806274,82.073364,-78.10181
1768034141799,-0.8491211,0.029785156,0.123046875,-14.953613,-114.868164,50.41504,0.0,0.0,0.0,-17.232056,77.35474,-40.803223
1768034141887,-0.93847656,-0.10986328,0.140625,21.240234,45.837402,-5.554199,0.0,0.0,0.0,-17.232056,77.35474,-40.803223
1768034141899,-0.93847656,-0.10986328,0.140625,21.240234,45.837402,-5.554199,0.0,0.0,0.0,-10.2282715,76.02539,-35.238647
1768034141987,-1.0712891,-0.1875,0.21044922,6.1035156,-2.8686523,2.8076172,0.0,0.0,0.0,-10.2282715,76.02539,-35.238647
1768034141999,-1.0712891,-0.1875,0.21044922,6.1035156,-2.8686523,2.8076172,0.0,0.0,0.0,-12.854004,78.14575,-40.341797
1768034142087,-1.3544922,-0.13964844,0.06738281,-16.906738,50.29297,2.2583008,0.0,0.0,0.0,-12.854004,78.14575,-40.341797
1768034142098,-1.3544922,-0.13964844,0.06738281,-16.906738,50.29297,2.2583008,0.0,0.0,0.0,-14.891968,79.11255,-42.687378
1768034142186,-0.80078125,0.072753906,0.2626953,19.65332,28.198242,-7.5683594,0.0,0.0,0.0,-14.891968,79.11255,-42.687378
1768034142198,-0.80078125,0.072753906,0.2626953,19.65332,28.198242,-7.5683594,0.0,0.0,0.0,-35.31555,82.65015,-62.891235
1768034142286,-0.91259766,-0.095703125,0.27734375,24.902344,-20.812988,-11.901855,0.0,0.0,0.0,-35.31555,82.65015,-62.891235
1768034142298,-0.91259766,-0.095703125,0.27734375,24.902344,-20.812988,-11.901855,0.0,0.0,0.0,-41.187744,82.86987,-71.152954
1768034142386,-0.7890625,-0.052246094,0.0053710938,-13.366699,-48.828125,4.4555664,0.0,0.0,0.0,-41.187744,82.86987,-71.152954
1768034142397,-0.7890625,-0.052246094,0.0053710938,-13.366699,-48.828125,4.4555664,0.0,0.0,0.0,-20.126953,77.00867,-48.202515
1768034142486,-0.9819336,-0.0068359375,0.15625,-17.822266,-4.5166016,-3.112793,0.0,0.0,0.0,-20.126953,77.00867,-48.202515
1768034142497,-0.9819336,-0.0068359375,0.15625,-17.822266,-4.5166016,-3.112793,0.0,0.0,0.0,-21.148682,76.73401,-47.735596
1768034142585,-1.0991211,-0.0107421875,0.053222656,-7.019043,3.1738281,-1.4038086,0.0,0.0,0.0,-21.148682,76.73401,-47.735596
1768034142597,-1.0991211,-0.0107421875,0.053222656,-7.019043,3.1738281,-1.4038086,0.0,0.0,0.0,-21.939697,76.16821,-47.30713
1768034142685,-1.3300781,-0.05859375,0.13574219,4.3945312,32.958984,-2.380371,0.0,0.0,0.0,-21.939697,76.16821,-47.30713
1768034142697,-1.3300781,-0.05859375,0.13574219,4.3945312,32.958984,-2.380371,0.0,0.0,0.0,-25.85083,78.134766,-51.679688
1768034142785,-0.7470703,-0.1977539,0.23144531,5.432129,31.433105,-17.700195,0.0,0.0,0.0,-25.85083,78.134766,-51.679688
1768034142796,-0.7470703,-0.1977539,0.23144531,5.432129,31.433105,-17.700195,0.0,0.0,0.0,-35.700073,80.667114,-62.265015
1768034142884,-0.7758789,-0.11621094,0.2680664,-4.760742,-2.0751953,1.7700195,0.0,0.0,0.0,-35.700073,80.667114,-62.265015
1768034142896,-0.7758789,-0.11621094,0.2680664,-4.760742,-2.0751953,1.7700195,0.0,0.0,0.0,-54.645996,81.61743,-80.98572
1768034142984,-0.8544922,-0.09667969,0.10205078,-12.6953125,-105.041504,34.057617,0.0,0.0,0.0,-54.645996,81.61743,-80.98572
1768034142996,-0.8544922,-0.09667969,0.10205078,-12.6953125,-105.041504,34.057617,0.0,0.0,0.0,-19.89624,76.761475,-41.57776
1768034143084,-0.9746094,-0.09472656,0.1977539,3.6010742,37.53662,-6.8969727,0.0,0.0,0.0,-19.89624,76.761475,-41.57776
1768034143095,-0.9746094,-0.09472656,0.1977539,3.6010742,37.53662,-6.8969727,0.0,0.0,0.0,-16.09497,75.95398,-38.084106
1768034143183,-1.0869141,-0.18945312,0.17041016,-1.8310547,-8.056641,1.4038086,0.0,0.0,0.0,-16.09497,75.95398,-38.084106
1768034143195,-1.0869141,-0.18945312,0.17041016,-1.8310547,-8.056641,1.4038086,0.0,0.0,0.0,-18.660278,77.596436,-41.643677
1768034143283,-1.2138672,-0.18066406,0.19042969,-22.827148,55.29785,-0.061035156,0.0,0.0,0.0,-18.660278,77.596436,-41.643677
1768034143295,-1.2138672,-0.18066406,0.19042969,-22.827148,55.29785,-0.061035156,0.0,0.0,0.0,-21.220093,79.03015,-43.406982
1768034143383,-0.82958984,0.09423828,0.2788086,16.906738,2.9296875,-0.79345703,0.0,0.0,0.0,-21.220093,79.03015,-43.406982
1768034143394,-0.82958984,0.09423828,0.2788086,16.906738,2.9296875,-0.79345703,0.0,0.0,0.0,-32.799683,81.26587,-54.591064
1768034143483,-0.9814453,-0.19970703,0.2241211,31.860352,-31.860352,-4.3945312,0.0,0.0,0.0,-32.799683,81.26587,-54.591064
1768034143494,-0.9814453,-0.19970703,0.2241211,31.860352,-31.860352,-4.3945312,0.0,0.0,0.0,-29.4104,80.46387,-53.833008
1768034143583,-0.76708984,-0.02734375,0.051757812,-8.239746,8.911133,-1.0375977,0.0,0.0,0.0,-29.4104,80.46387,-53.833008
1768034143594,-0.76708984,-0.02734375,0.051757812,-8.239746,8.911133,-1.0375977,0.0,0.0,0.0,-21.884766,76.294556,-46.14807
1768034143682,-1.0444336,-0.068359375,0.16308594,-32.470703,-15.014648,13.305664,0.0,0.0,0.0,-21.884766,76.294556,-46.14807
1768034143693,-1.0444336,-0.068359375,0.16308594,-32.470703,-15.014648,13.305664,0.0,0.0,0.0,-23.197632,77.55798,-46.10962
1768034143783,-1.1513672,-0.012207031,0.08984375,-16.296387,13.549805,2.319336,0.0,0.0,0.0,-23.197632,77.55798,-46.10962
1768034143793,-1.1513672,-0.012207031,0.08984375,-16.296387,13.549805,2.319336,0.0,0.0,0.0,-23.340454,78.288574,-44.23645
1768034143882,-1.1889648,-0.04638672,0.11328125,-8.300781,36.010742,9.887695,0.0,0.0,0.0,-23.340454,78.288574,-44.23645
1768034143893,-1.1889648,-0.04638672,0.11328125,-8.300781,36.010742,9.887695,0.0,0.0,0.0,-25.378418,80.74951,-45.719604
1768034143981,-0.84765625,-0.1616211,0.22265625,-29.11377,10.070801,11.962891,0.0,0.0,0.0,-25.378418,80.74951,-45.719604
1768034143993,-0.84765625,-0.1616211,0.22265625,-29.11377,10.070801,11.962891,0.0,0.0,0.0,-23.757935,83.133545,-41.82495
1768034144081,-0.84375,-0.05859375,0.23925781,-31.799316,-24.841309,9.216309,0.0,0.0,0.0,-23.757935,83.133545,-41.82495
1768034144093,-0.84375,-0.05859375,0.23925781,-31.799316,-24.841309,9.216309,0.0,0.0,0.0,-15.13916,82.82593,-29.284058
1768034144181,-0.9145508,0.12646484,0.020019531,-2.6855469,-26.184082,12.756348,0.0,0.0,0.0,-15.13916,82.82593,-29.284058
1768034144193,-0.9145508,0.12646484,0.020019531,-2.6855469,-26.184082,12.756348,0.0,0.0,0.0,-1.2963867,77.58545,-12.76062
1768034144280,-1.0175781,-0.0126953125,0.15136719,26.550293,0.24414062,-6.164551,0.0,0.0,0.0,-1.2963867,77.58545,-12.76062
1768034144292,-1.0175781,-0.0126953125,0.15136719,26.550293,0.24414062,-6.164551,0.0,0.0,0.0,-0.15930176,78.52478,-13.64502
1768034144380,-1.0585938,-0.06982422,0.13574219,16.906738,15.075684,-4.4555664,0.0,0.0,0.0,-0.15930176,78.52478,-13.64502
1768034144392,-1.0585938,-0.06982422,0.13574219,16.906738,15.075684,-4.4555664,0.0,0.0,0.0,-1.1755371,79.28833,-17.089233
1768034144480,-1.3486328,-0.08300781,0.088378906,-26.306152,31.738281,10.986328,0.0,0.0,0.0,-1.1755371,79.28833,-17.089233
1768034144491,-1.3486328,-0.08300781,0.088378906,-26.306152,31.738281,10.986328,0.0,0.0,0.0,-1.373291,81.11755,-16.611328
1768034144580,-0.79248047,0.06640625,0.23730469,-0.4272461,28.320312,-4.1503906,0.0,0.0,0.0,-1.373291,81.11755,-16.611328
1768034144591,-0.79248047,0.06640625,0.23730469,-0.4272461,28.320312,-4.1503906,0.0,0.0,0.0,-11.079712,84.94629,-24.829102
1768034144680,-0.92529297,-0.044921875,0.26220703,31.066895,-8.850098,-15.136719,0.0,0.0,0.0,-11.079712,84.94629,-24.829102
1768034144691,-0.92529297,-0.044921875,0.26220703,31.066895,-8.850098,-15.136719,0.0,0.0,0.0,-29.520264,86.066895,-45.04944
1768034144779,-0.8496094,-0.0043945312,-0.041015625,-8.972168,-35.583496,-0.79345703,0.0,0.0,0.0,-29.520264,86.066895,-45.04944
1768034144790,-0.8496094,-0.0043945312,-0.041015625,-8.972168,-35.583496,-0.79345703,0.0,0.0,0.0,-9.058228,79.48059,-22.164917
1768034144879,-0.9667969,0.0546875,0.16894531,-25.268555,-9.70459,8.544922,0.0,0.0,0.0,-9.058228,79.48059,-22.164917
1768034144890,-0.9667969,0.0546875,0.16894531,-25.268555,-9.70459,8.544922,0.0,0.0,0.0,-10.178833,80.892334,-21.588135
1768034144979,-1.1162109,-0.0068359375,0.10839844,-26.916504,-7.873535,15.625,0.0,0.0,0.0,-10.178833,80.892334,-21.588135
1768034144990,-1.1162109,-0.0068359375,0.10839844,-26.916504,-7.873535,15.625,0.0,0.0,0.0,-2.1478271,80.00244,-11.178589
1768034145078,-1.2192383,0.045410156,0.107910156,-24.902344,36.010742,22.644043,0.0,0.0,0.0,-2.1478271,80.00244,-11.178589
1768034145090,-1.2192383,0.045410156,0.107910156,-24.902344,36.010742,22.644043,0.0,0.0,0.0,6.421509,80.74951,-0.060424805
1768034145178,-0.86572266,-0.037597656,0.24365234,-23.864746,8.666992,34.484863,0.0,0.0,0.0,6.421509,80.74951,-0.060424805
1768034145190,-0.86572266,-0.037597656,0.24365234,-23.864746,8.666992,34.484863,0.0,0.0,0.0,29.064331,81.97449,25.427856
1768034145277,-1.0078125,-0.06640625,0.234375,-23.498535,-30.88379,11.59668,0.0,0.0,0.0,29.064331,81.97449,25.427856
1768034145289,-1.0078125,-0.06640625,0.234375,-23.498535,-30.88379,11.59668,0.0,0.0,0.0,34.606934,79.766235,33.585205
1768034145377,-0.8378906,0.24658203,0.05517578,-12.756348,0.30517578,12.451172,0.0,0.0,0.0,34.606934,79.766235,33.585205
1768034145390,-0.8378906,0.24658203,0.05517578,-12.756348,0.30517578,12.451172,0.0,0.0,0.0,28.668823,75.73425,30.119019
1768034145477,-0.9453125,0.06298828,0.2084961,8.911133,0.61035156,-10.986328,0.0,0.0,0.0,28.668823,75.73425,30.119019
1768034145489,-0.9453125,0.06298828,0.2084961,8.911133,0.61035156,-10.986328,0.0,0.0,0.0,31.431885,77.36572,32.50305
1768034145577,-1.0883789,0.12939453,0.04736328,13.85498,10.253906,-10.192871,0.0,0.0,0.0,31.431885,77.36572,32.50305
1768034145589,-1.0883789,0.12939453,0.04736328,13.85498,10.253906,-10.192871,0.0,0.0,0.0,27.844849,77.01416,28.509521
1768034145676,-1.2109375,0.1459961,0.12548828,5.79834,19.714355,5.3100586,0.0,0.0,0.0,27.844849,77.01416,28.509521
1768034145688,-1.2109375,0.1459961,0.12548828,5.79834,19.714355,5.3100586,0.0,0.0,0.0,32.06909,79.02466,32.036133
1768034145776,-0.9272461,0.057128906,0.24267578,-3.112793,21.911621,-3.540039,0.0,0.0,0.0,32.06909,79.02466,32.036133
1768034145787,-0.9272461,0.057128906,0.24267578,-3.112793,21.911621,-3.540039,0.0,0.0,0.0,43.346558,81.23291,43.28064
1768034145876,-0.90527344,0.034179688,0.28027344,33.87451,3.6621094,-21.484375,0.0,0.0,0.0,43.346558,81.23291,43.28064
1768034145887,-0.90527344,0.034179688,0.28027344,33.87451,3.6621094,-21.484375,0.0,0.0,0.0,44.681396,83.62244,43.7146
1768034145975,-0.86816406,0.11230469,-0.036621094,1.5258789,-31.860352,-4.5166016,0.0,0.0,0.0,44.681396,83.62244,43.7146
1768034145987,-0.86816406,0.11230469,-0.036621094,1.5258789,-31.860352,-4.5166016,0.0,0.0,0.0,20.736694,78.76648,20.43457
1768034146075,-0.93603516,0.16748047,0.17675781,2.4414062,-4.638672,-4.1503906,0.0,0.0,0.0,20.736694,78.76648,20.43457
1768034146087,-0.93603516,0.16748047,0.17675781,2.4414062,-4.638672,-4.1503906,0.0,0.0,0.0,19.429321,79.782715,18.808594
1768034146175,-1.0322266,0.07421875,0.053710938,5.432129,13.000488,-3.3569336,0.0,0.0,0.0,19.429321,79.782715,18.808594
1768034146186,-1.0322266,0.07421875,0.053710938,5.432129,13.000488,-3.3569336,0.0,0.0,0.0,19.286499,79.62891,17.98462
1768034146274,-1.277832,0.12207031,0.10986328,-1.5869141,21.911621,7.385254,0.0,0.0,0.0,19.286499,79.62891,17.98462
1768034146286,-1.277832,0.12207031,0.10986328,-1.5869141,21.911621,7.385254,0.0,0.0,0.0,24.301758,81.101074,22.785645
1768034146374,-0.96533203,-0.0126953125,0.18359375,-13.85498,8.239746,12.390137,0.0,0.0,0.0,24.301758,81.101074,22.785645
1768034146386,-0.96533203,-0.0126953125,0.18359375,-13.85498,8.239746,12.390137,0.0,0.0,0.0,39.803467,81.55701,39.23767
1768034146474,-0.83740234,-0.22363281,0.21923828,1.5258789,8.850098,-26.245117,0.0,0.0,0.0,39.803467,81.55701,39.23767
1768034146485,-0.83740234,-0.22363281,0.21923828,1.5258789,8.850098,-26.245117,0.0,0.0,0.0,37.232666,82.30957,38.22693
1768034146574,-0.8388672,0.26660156,0.048828125,-12.817383,-33.996582,28.076172,0.0,0.0,0.0,37.232666,82.30957,38.22693
1768034146585,-0.8388672,0.26660156,0.048828125,-12.817383,-33.996582,28.076172,0.0,0.0,0.0,27.163696,79.05762,30.184937
1768034146673,-0.94140625,0.05419922,0.17626953,23.864746,8.911133,-10.009766,0.0,0.0,0.0,27.163696,79.05762,30.184937
1768034146685,-0.94140625,0.05419922,0.17626953,23.864746,8.911133,-10.009766,0.0,0.0,0.0,30.492554,80.1178,32.01416
1768034146773,-1.1005859,0.06542969,0.018066406,14.221191,-4.638672,-9.765625,0.0,0.0,0.0,30.492554,80.1178,32.01416
1768034146785,-1.1005859,0.06542969,0.018066406,14.221191,-4.638672,-9.765625,0.0,0.0,0.0,24.499512,79.887085,24.521484
1768034146873,-1.2358398,0.05126953,0.1508789,-2.8686523,27.954102,6.164551,0.0,0.0,0.0,24.499512,79.887085,24.521484
1768034146884,-1.2358398,0.05126953,0.1508789,-2.8686523,27.954102,6.164551,0.0,0.0,0.0,28.894043,81.44714,28.520508
1768034146972,-0.8149414,0.034179688,0.20214844,-3.6010742,-3.90625,-5.554199,0.0,0.0,0.0,28.894043,81.44714,28.520508
1768034146984,-0.8149414,0.034179688,0.20214844,-3.6010742,-3.90625,-5.554199,0.0,0.0,0.0,32.37671,82.5293,32.574463
1768034147072,-0.97753906,0.08691406,0.22167969,20.690918,-28.198242,-7.080078,0.0,0.0,0.0,32.37671,82.5293,32.574463
1768034147084,-0.97753906,0.08691406,0.22167969,20.690918,-28.198242,-7.080078,0.0,0.0,0.0,25.17517,82.74353,24.499512
1768034147172,-0.89160156,0.15820312,0.017089844,10.009766,3.1738281,-7.019043,0.0,0.0,0.0,25.17517,82.74353,24.499512
1768034147184,-0.89160156,0.15820312,0.017089844,10.009766,3.1738281,-7.019043,0.0,0.0,0.0,15.358887,78.28308,14.298706
1768034147272,-0.93066406,0.049804688,0.14550781,-0.7324219,-3.0517578,-0.5493164,0.0,0.0,0.0,15.358887,78.28308,14.298706
1768034147283,-0.93066406,0.049804688,0.14550781,-0.7324219,-3.0517578,-0.5493164,0.0,0.0,0.0,16.397095,79.42566,14.622803
1768034147371,-1.1616211,0.055664062,0.044921875,-5.3100586,22.949219,-2.1972656,0.0,0.0,0.0,16.397095,79.42566,14.622803
1768034147384,-1.1616211,0.055664062,0.044921875,-5.3100586,22.949219,-2.1972656,0.0,0.0,0.0,17.869263,80.41443,16.067505
1768034147471,-1.2773438,0.16113281,0.15527344,-12.878418,16.174316,20.812988,0.0,0.0,0.0,17.869263,80.41443,16.067505
1768034147482,-1.2773438,0.16113281,0.15527344,-12.878418,16.174316,20.812988,0.0,0.0,0.0,27.58667,81.919556,27.020874
1768034147571,-0.7207031,-0.056640625,0.171875,-17.150879,-0.48828125,6.3476562,0.0,0.0,0.0,27.58667,81.919556,27.020874
1768034147583,-0.7207031,-0.056640625,0.171875,-17.150879,-0.48828125,6.3476562,0.0,0.0,0.0,40.583496,81.68884,41.879883
1768034147671,-1.0205078,0.22216797,0.14550781,-7.8125,-33.14209,-6.958008,0.0,0.0,0.0,40.583496,81.68884,41.879883
1768034147682,-1.0205078,0.22216797,0.14550781,-7.8125,-33.14209,-6.958008,0.0,0.0,0.0,32.612915,82.16675,34.557495
1768034147770,-0.8105469,0.044921875,0.100097656,11.474609,15.441895,-13.122559,0.0,0.0,0.0,32.612915,82.16675,34.557495
1768034147783,-0.8105469,0.044921875,0.100097656,11.474609,15.441895,-13.122559,0.0,0.0,0.0,26.954956,78.49182,30.15747
1768034147870,-1.0405273,0.040527344,0.17041016,0.0,-11.657715,-9.277344,0.0,0.0,0.0,26.954956,78.49182,30.15747
1768034147881,-1.0405273,0.040527344,0.17041016,0.0,-11.657715,-9.277344,0.0,0.0,0.0,23.373413,80.36499,24.916992
1768034147969,-1.2211914,0.056152344,0.0053710938,16.845703,11.962891,-9.338379,0.0,0.0,0.0,23.373413,80.36499,24.916992
1768034147981,-1.2211914,0.056152344,0.0053710938,16.845703,11.962891,-9.338379,0.0,0.0,0.0,16.880493,80.01892,17.42981
1768034148069,-1.1508789,-0.03125,0.2397461,0.61035156,25.756836,7.9956055,0.0,0.0,0.0,16.880493,80.01892,17.42981
1768034148081,-1.1508789,-0.03125,0.2397461,0.61035156,25.756836,7.9956055,0.0,0.0,0.0,25.872803,82.22168,26.141968
1768034148169,-0.8100586,0.014160156,0.34228516,2.8076172,8.544922,-4.272461,0.0,0.0,0.0,25.872803,82.22168,26.141968
1768034148180,-0.8100586,0.014160156,0.34228516,2.8076172,8.544922,-4.272461,0.0,0.0,0.0,27.059326,83.358765,27.49878
1768034148269,-1.0239258,-0.0087890625,0.09667969,-33.569336,-78.67432,16.357422,0.0,0.0,0.0,27.059326,83.358765,27.49878
1768034148280,-1.0239258,-0.0087890625,0.09667969,-33.569336,-78.67432,16.357422,0.0,0.0,0.0,18.814087,79.62891,19.264526
1768034148368,-0.8261719,0.10888672,0.14941406,4.3945312,16.906738,-5.004883,0.0,0.0,0.0,18.814087,79.62891,19.264526
1768034148380,-0.8261719,0.10888672,0.14941406,4.3945312,16.906738,-5.004883,0.0,0.0,0.0,15.913696,78.986206,16.04004
1768034148468,-1.0239258,0.09082031,0.061035156,15.869141,-7.3242188,-4.0283203,0.0,0.0,0.0,15.913696,78.986206,16.04004
1768034148480,-1.0239258,0.09082031,0.061035156,15.869141,-7.3242188,-4.0283203,0.0,0.0,0.0,15.188599,78.39844,13.925171
1768034148568,-1.1264648,0.068847656,0.12451172,4.0893555,6.4086914,-2.8076172,0.0,0.0,0.0,15.188599,78.39844,13.925171
1768034148580,-1.1264648,0.068847656,0.12451172,4.0893555,6.4086914,-2.8076172,0.0,0.0,0.0,16.490479,79.854126,14.342651
1768034148667,-1.1728516,0.15429688,0.15478516,-4.4555664,29.663086,15.319824,0.0,0.0,0.0,16.490479,79.854126,14.342651
1768034148679,-1.1728516,0.15429688,0.15478516,-4.4555664,29.663086,15.319824,0.0,0.0,0.0,26.015625,81.221924,23.999634
1768034148767,-0.7397461,-0.10986328,0.19824219,-0.9765625,6.8969727,-0.4272461,0.0,0.0,0.0,26.015625,81.221924,23.999634
1768034148779,-0.7397461,-0.10986328,0.19824219,-0.9765625,6.8969727,-0.4272461,0.0,0.0,0.0,36.936035,81.694336,35.54077
1768034148867,-1.0595703,0.17919922,0.15966797,-26.184082,-51.940918,9.338379,0.0,0.0,0.0,36.936035,81.694336,35.54077
1768034148879,-1.0595703,0.17919922,0.15966797,-26.184082,-51.940918,9.338379,0.0,0.0,0.0,28.185425,80.73303,27.581177
1768034148966,-0.83935547,0.09472656,0.084472656,15.197754,19.104004,-11.291504,0.0,0.0,0.0,28.185425,80.73303,27.581177
1768034148978,-0.83935547,0.09472656,0.084472656,15.197754,19.104004,-11.291504,0.0,0.0,0.0,28.718262,76.94824,28.24585
1768034149066,-0.9746094,0.038085938,0.18798828,-4.5776367,-5.859375,-3.0517578,0.0,0.0,0.0,28.718262,76.94824,28.24585
1768034149078,-0.9746094,0.038085938,0.18798828,-4.5776367,-5.859375,-3.0517578,0.0,0.0,0.0,29.031372,79.22241,26.834106
1768034149167,-1.1889648,0.11230469,0.045898438,7.446289,19.592285,-0.79345703,0.0,0.0,0.0,29.031372,79.22241,26.834106
1768034149178,-1.1889648,0.11230469,0.045898438,7.446289,19.592285,-0.79345703,0.0,0.0,0.0,24.631348,79.00818,21.92871
1768034149266,-1.1923828,-0.029296875,0.16796875,-11.108398,25.20752,6.7749023,0.0,0.0,0.0,24.631348,79.00818,21.92871
1768034149277,-1.1923828,-0.029296875,0.16796875,-11.108398,25.20752,6.7749023,0.0,0.0,0.0,32.645874,80.67261,30.179443
1768034149365,-0.72998047,0.067871094,0.28564453,-7.6904297,3.112793,-3.540039,0.0,0.0,0.0,32.645874,80.67261,30.179443
1768034149377,-0.72998047,0.067871094,0.28564453,-7.6904297,3.112793,-3.540039,0.0,0.0,0.0,34.189453,81.65588,33.129272
1768034149465,-1.0566406,0.12451172,0.1640625,1.7700195,-65.42969,7.385254,0.0,0.0,0.0,34.189453,81.65588,33.129272
1768034149477,-1.0566406,0.12451172,0.1640625,1.7700195,-65.42969,7.385254,0.0,0.0,0.0,26.169434,80.33203,23.961182
1768034149565,-0.8408203,0.1821289,0.1484375,11.047363,23.254395,-7.2631836,0.0,0.0,0.0,26.169434,80.33203,23.961182
1768034149576,-0.8408203,0.1821289,0.1484375,11.047363,23.254395,-7.2631836,0.0,0.0,0.0,19.841309,77.7063,17.53418
1768034149664,-0.9482422,0.05419922,0.13427734,5.065918,-22.888184,-5.3710938,0.0,0.0,0.0,19.841309,77.7063,17.53418
1768034149676,-0.9482422,0.05419922,0.13427734,5.065918,-22.888184,-5.3710938,0.0,0.0,0.0,18.165894,77.178955,14.507446
1768034149764,-1.1318359,0.100097656,0.10595703,1.5869141,6.286621,-9.521484,0.0,0.0,0.0,18.165894,77.178955,14.507446
1768034149776,-1.1318359,0.100097656,0.10595703,1.5869141,6.286621,-9.521484,0.0,0.0,0.0,16.09497,78.45886,11.260986
1768034149864,-1.1928711,0.15039062,0.20800781,0.30517578,12.329102,11.59668,0.0,0.0,0.0,16.09497,78.45886,11.260986
1768034149875,-1.1928711,0.15039062,0.20800781,0.30517578,12.329102,11.59668,0.0,0.0,0.0,20.13794,79.573975,15.391846
1768034149964,-0.75341797,-0.06689453,0.22070312,9.033203,13.244629,-5.065918,0.0,0.0,0.0,20.13794,79.573975,15.391846
1768034149975,-0.75341797,-0.06689453,0.22070312,9.033203,13.244629,-5.065918,0.0,0.0,0.0,26.394653,80.128784,21.472778
1768034150063,-1.0180664,0.08154297,0.24511719,3.112793,-31.738281,-4.5776367,0.0,0.0,0.0,26.394653,80.128784,21.472778
1768034150075,-1.0180664,0.08154297,0.24511719,3.112793,-31.738281,-4.5776367,0.0,0.0,0.0,21.099243,81.156006,14.82605
1768034150163,-0.83691406,0.076171875,0.08935547,30.456543,-10.986328,-16.296387,0.0,0.0,0.0,21.099243,81.156006,14.82605
1768034150174,-0.83691406,0.076171875,0.08935547,30.456543,-10.986328,-16.296387,0.0,0.0,0.0,18.62732,74.9762,13.035278
1768034150263,-0.95996094,0.012207031,0.20605469,17.51709,1.5258789,-14.587402,0.0,0.0,0.0,18.62732,74.9762,13.035278
1768034150274,-0.95996094,0.012207031,0.20605469,17.51709,1.5258789,-14.587402,0.0,0.0,0.0,15.46875,76.94275,6.49292
1768034150362,-1.2250977,-4.8828125E-4,0.14111328,18.981934,-11.352539,-14.587402,0.0,0.0,0.0,15.46875,76.94275,6.49292
1768034150374,-1.2250977,-4.8828125E-4,0.14111328,18.981934,-11.352539,-14.587402,0.0,0.0,0.0,10.750122,76.30005,0.16479492
1768034150462,-1.2138672,-0.037597656,0.18945312,4.1503906,56.9458,1.159668,0.0,0.0,0.0,10.750122,76.30005,0.16479492
1768034150473,-1.2138672,-0.037597656,0.18945312,4.1503906,56.9458,1.159668,0.0,0.0,0.0,11.821289,78.69507,-0.4888916
1768034150562,-0.7734375,0.052246094,0.3154297,22.705078,22.521973,-16.967773,0.0,0.0,0.0,11.821289,78.69507,-0.4888916
1768034150573,-0.7734375,0.052246094,0.3154297,22.705078,22.521973,-16.967773,0.0,0.0,0.0,7.201538,83.09509,-6.7785645
1768034150662,-0.95458984,-0.0546875,0.21191406,9.155273,-56.640625,-4.333496,0.0,0.0,0.0,7.201538,83.09509,-6.7785645
1768034150673,-0.95458984,-0.0546875,0.21191406,9.155273,-56.640625,-4.333496,0.0,0.0,0.0,-1.505127,82.08984,-17.567139
1768034150761,-0.84716797,0.08300781,0.08691406,4.5776367,0.8544922,-10.131836,0.0,0.0,0.0,-1.505127,82.08984,-17.567139
1768034150773,-0.84716797,0.08300781,0.08691406,4.5776367,0.8544922,-10.131836,0.0,0.0,0.0,-3.548584,76.36047,-18.989868
1768034150861,-1.0063477,-0.018554688,0.14746094,-4.9438477,-24.536133,-4.8217773,0.0,0.0,0.0,-3.548584,76.36047,-18.989868
1768034150873,-1.0063477,-0.018554688,0.14746094,-4.9438477,-24.536133,-4.8217773,0.0,0.0,0.0,-4.8449707,76.223145,-21.060791
1768034150961,-1.1186523,0.026855469,0.1303711,-0.79345703,17.028809,-9.155273,0.0,0.0,0.0,-4.8449707,76.223145,-21.060791
1768034150972,-1.1186523,0.026855469,0.1303711,-0.79345703,17.028809,-9.155273,0.0,0.0,0.0,-8.547363,76.91528,-24.845581
1768034151060,-1.2265625,-0.009765625,0.13964844,-9.399414,38.391113,2.9907227,0.0,0.0,0.0,-8.547363,76.91528,-24.845581
1768034151072,-1.2265625,-0.009765625,0.13964844,-9.399414,38.391113,2.9907227,0.0,0.0,0.0,-10.129395,78.77197,-26.026611
1768034151160,-0.82373047,-0.11669922,0.2607422,-0.4272461,18.554688,0.8544922,0.0,0.0,0.0,-10.129395,78.77197,-26.026611
1768034151172,-0.82373047,-0.11669922,0.2607422,-0.4272461,18.554688,0.8544922,0.0,0.0,0.0,-8.805542,81.73279,-24.186401
1768034151260,-0.9165039,-0.064941406,0.27148438,-12.451172,-19.28711,4.8828125,0.0,0.0,0.0,-8.805542,81.73279,-24.186401
1768034151271,-0.9165039,-0.064941406,0.27148438,-12.451172,-19.28711,4.8828125,0.0,0.0,0.0,-8.322144,82.32056,-22.840576
1768034151359,-0.83691406,0.08251953,0.063964844,-3.4179688,-28.442383,13.793945,0.0,0.0,0.0,-8.322144,82.32056,-22.840576
1768034151371,-0.83691406,0.08251953,0.063964844,-3.4179688,-28.442383,13.793945,0.0,0.0,0.0,3.4661865,76.61865,-8.02002
1768034151459,-0.92578125,-0.06542969,0.16845703,13.977051,6.286621,-5.2490234,0.0,0.0,0.0,3.4661865,76.61865,-8.02002
1768034151471,-0.92578125,-0.06542969,0.16845703,13.977051,6.286621,-5.2490234,0.0,0.0,0.0,4.191284,77.45911,-8.492432
1768034151559,-1.1010742,-0.044433594,0.15332031,-8.7890625,-5.065918,7.8125,0.0,0.0,0.0,4.191284,77.45911,-8.492432
1768034151570,-1.1010742,-0.044433594,0.15332031,-8.7890625,-5.065918,7.8125,0.0,0.0,0.0,5.8392334,76.76697,-6.432495
1768034151659,-1.4135742,-4.8828125E-4,0.17480469,-19.042969,39.978027,18.493652,0.0,0.0,0.0,5.8392334,76.76697,-6.432495
1768034151670,-1.4135742,-4.8828125E-4,0.17480469,-19.042969,39.978027,18.493652,0.0,0.0,0.0,9.074707,77.31079,-2.0928955
1768034151758,-0.79248047,0.10058594,0.28271484,-12.512207,23.986816,1.0375977,0.0,0.0,0.0,9.074707,77.31079,-2.0928955
1768034151770,-0.79248047,0.10058594,0.28271484,-12.512207,23.986816,1.0375977,0.0,0.0,0.0,12.579346,81.66138,3.0541992
1768034151858,-0.8208008,0.0126953125,0.3251953,24.536133,-1.0375977,-10.070801,0.0,0.0,0.0,12.579346,81.66138,3.0541992
1768034151870,-0.8208008,0.0126953125,0.3251953,24.536133,-1.0375977,-10.070801,0.0,0.0,0.0,13.161621,82.97424,4.1638184
1768034151958,-0.8378906,0.08886719,0.09423828,-10.681152,-78.308105,12.756348,0.0,0.0,0.0,13.161621,82.97424,4.1638184
1768034151969,-0.8378906,0.08886719,0.09423828,-10.681152,-78.308105,12.756348,0.0,0.0,0.0,8.481445,76.50879,1.0656738
1768034152057,-0.97802734,0.15283203,0.1821289,0.30517578,7.080078,-2.6245117,0.0,0.0,0.0,8.481445,76.50879,1.0656738
1768034152069,-0.97802734,0.15283203,0.1821289,0.30517578,7.080078,-2.6245117,0.0,0.0,0.0,7.8167725,75.41016,0.28564453
1768034152157,-0.9707031,0.06347656,0.17333984,3.8452148,12.451172,-6.7749023,0.0,0.0,0.0,7.8167725,75.41016,0.28564453
1768034152169,-0.9707031,0.06347656,0.17333984,3.8452148,12.451172,-6.7749023,0.0,0.0,0.0,7.5201416,75.34973,-0.40100098
1768034152257,-1.2670898,0.07519531,0.12402344,0.0,14.160156,2.0141602,0.0,0.0,0.0,7.5201416,75.34973,-0.40100098
1768034152268,-1.2670898,0.07519531,0.12402344,0.0,14.160156,2.0141602,0.0,0.0,0.0,8.009033,76.62964,-0.45593262
1768034152357,-1.0581055,-0.049316406,0.30322266,-13.366699,19.16504,9.216309,0.0,0.0,0.0,8.009033,76.62964,-0.45593262
1768034152368,-1.0581055,-0.049316406,0.30322266,-13.366699,19.16504,9.216309,0.0,0.0,0.0,15.946655,78.98071,8.278198
1768034152456,-0.80908203,-0.17822266,0.3461914,-6.3476562,14.343262,-9.277344,0.0,0.0,0.0,15.946655,78.98071,8.278198
1768034152468,-0.80908203,-0.17822266,0.3461914,-6.3476562,14.343262,-9.277344,0.0,0.0,0.0,16.09497,80.458374,9.239502
1768034152556,-0.9458008,0.23095703,0.14892578,-48.706055,-90.63721,34.118652,0.0,0.0,0.0,16.09497,80.458374,9.239502
1768034152567,-0.9458008,0.23095703,0.14892578,-48.706055,-90.63721,34.118652,0.0,0.0,0.0,10.881958,75.67383,6.086426
1768034152656,-0.8676758,0.026367188,0.21679688,34.179688,37.353516,-22.705078,0.0,0.0,0.0,10.881958,75.67383,6.086426
1768034152667,-0.8676758,0.026367188,0.21679688,34.179688,37.353516,-22.705078,0.0,0.0,0.0,12.5354,75.1355,6.536865
1768034152755,-0.9951172,-0.009277344,0.20117188,-2.9907227,-13.73291,-4.8828125,0.0,0.0,0.0,12.5354,75.1355,6.536865
1768034152767,-0.9951172,-0.009277344,0.20117188,-2.9907227,-13.73291,-4.8828125,0.0,0.0,0.0,9.684448,76.00342,1.8457031
1768034152855,-1.293457,0.028808594,0.10449219,7.3242188,23.80371,-1.159668,0.0,0.0,0.0,9.684448,76.00342,1.8457031
1768034152867,-1.293457,0.028808594,0.10449219,7.3242188,23.80371,-1.159668,0.0,0.0,0.0,8.635254,77.32178,-0.63720703
1768034152955,-1.0922852,0.038085938,0.26904297,-12.939453,19.226074,5.493164,0.0,0.0,0.0,8.635254,77.32178,-0.63720703
1768034152967,-1.0922852,0.038085938,0.26904297,-12.939453,19.226074,5.493164,0.0,0.0,0.0,12.23877,80.50232,3.2574463
1768034153054,-0.70751953,-0.057617188,0.35742188,24.291992,34.057617,-16.906738,0.0,0.0,0.0,12.23877,80.50232,3.2574463
1768034153066,-0.70751953,-0.057617188,0.35742188,24.291992,34.057617,-16.906738,0.0,0.0,0.0,10.772095,82.09534,1.3513184
1768034153154,-0.91064453,-0.015136719,0.1352539,-43.33496,-79.04053,13.183594,0.0,0.0,0.0,10.772095,82.09534,1.3513184
1768034153166,-0.91064453,-0.015136719,0.1352539,-43.33496,-79.04053,13.183594,0.0,0.0,0.0,3.0596924,80.18921,-7.8771973
1768034153254,-0.8798828,0.110839844,0.15478516,17.028809,25.146484,-10.559082,0.0,0.0,0.0,3.0596924,80.18921,-7.8771973
1768034153265,-0.8798828,0.110839844,0.15478516,17.028809,25.146484,-10.559082,0.0,0.0,0.0,2.6312256,77.65686,-7.3828125
1768034153354,-1.0449219,0.064941406,0.12597656,4.211426,1.0986328,-6.0424805,0.0,0.0,0.0,2.6312256,77.65686,-7.3828125
1768034153365,-1.0449219,0.064941406,0.12597656,4.211426,1.0986328,-6.0424805,0.0,0.0,0.0,1.7633057,77.53052,-8.860474
1768034153453,-1.3144531,0.029296875,0.071777344,-10.070801,6.5307617,3.90625,0.0,0.0,0.0,1.7633057,77.53052,-8.860474
1768034153465,-1.3144531,0.029296875,0.071777344,-10.070801,6.5307617,3.90625,0.0,0.0,0.0,2.5543213,78.568726,-8.33313
1768034153553,-0.96484375,-0.06982422,0.28808594,-13.793945,16.113281,17.333984,0.0,0.0,0.0,2.5543213,78.568726,-8.33313
1768034153565,-0.96484375,-0.06982422,0.28808594,-13.793945,16.113281,17.333984,0.0,0.0,0.0,11.420288,80.70557,1.4831543
1768034153653,-0.86035156,-0.24609375,0.30126953,0.48828125,12.756348,-10.131836,0.0,0.0,0.0,11.420288,80.70557,1.4831543
1768034153664,-0.86035156,-0.24609375,0.30126953,0.48828125,12.756348,-10.131836,0.0,0.0,0.0,7.097168,81.79321,-1.7468262
1768034153752,-0.7988281,0.2319336,0.10595703,-14.831543,-68.96973,54.19922,0.0,0.0,0.0,7.097168,81.79321,-1.7468262
1768034153764,-0.7988281,0.2319336,0.10595703,-14.831543,-68.96973,54.19922,0.0,0.0,0.0,12.810059,76.79993,7.294922
1768034153852,-0.89501953,0.009277344,0.17333984,23.864746,34.66797,-23.80371,0.0,0.0,0.0,12.810059,76.79993,7.294922
1768034153864,-0.89501953,0.009277344,0.17333984,23.864746,34.66797,-23.80371,0.0,0.0,0.0,15.479736,77.15149,9.063721
1768034153952,-1.0341797,0.052734375,0.16699219,-2.5024414,-14.587402,-5.2490234,0.0,0.0,0.0,15.479736,77.15149,9.063721
1768034153963,-1.0341797,0.052734375,0.16699219,-2.5024414,-14.587402,-5.2490234,0.0,0.0,0.0,12.370605,78.349,5.185547
1768034154052,-1.246582,0.053710938,0.047851562,9.216309,31.49414,7.8125,0.0,0.0,0.0,12.370605,78.349,5.185547
1768034154063,-1.246582,0.053710938,0.047851562,9.216309,31.49414,7.8125,0.0,0.0,0.0,14.518433,79.68384,6.130371
1768034154151,-0.9614258,-0.013183594,0.24658203,-3.6621094,23.55957,-2.0141602,0.0,0.0,0.0,14.518433,79.68384,6.130371
1768034154163,-0.9614258,-0.013183594,0.24658203,-3.6621094,23.55957,-2.0141602,0.0,0.0,0.0,25.334473,83.03467,17.352905
1768034154251,-0.80566406,-0.023925781,0.33447266,4.5776367,14.6484375,-4.333496,0.0,0.0,0.0,25.334473,83.03467,17.352905
1768034154263,-0.80566406,-0.023925781,0.33447266,4.5776367,14.6484375,-4.333496,0.0,0.0,0.0,26.213379,84.210205,18.90747
1768034154351,-0.8574219,0.036621094,0.061035156,-48.27881,-82.6416,8.728027,0.0,0.0,0.0,26.213379,84.210205,18.90747
1768034154362,-0.8574219,0.036621094,0.061035156,-48.27881,-82.6416,8.728027,0.0,0.0,0.0,16.265259,79.661865,10.991821
1768034154451,-0.9379883,0.1484375,0.18603516,-8.972168,2.0751953,6.591797,0.0,0.0,0.0,16.265259,79.661865,10.991821
1768034154462,-0.9379883,0.1484375,0.18603516,-8.972168,2.0751953,6.591797,0.0,0.0,0.0,15.996094,78.12927,12.34314
1768034154550,-1.0439453,0.10546875,0.15039062,-7.6904297,7.9956055,4.699707,0.0,0.0,0.0,15.996094,78.12927,12.34314
1768034154562,-1.0439453,0.10546875,0.15039062,-7.6904297,7.9956055,4.699707,0.0,0.0,0.0,16.869507,77.08557,14.122925
1768034154650,-1.1943359,0.13867188,-0.025390625,-15.319824,19.470215,6.225586,0.0,0.0,0.0,16.869507,77.08557,14.122925
1768034154661,-1.1943359,0.13867188,-0.025390625,-15.319824,19.470215,6.225586,0.0,0.0,0.0,19.973145,77.909546,18.187866
1768034154750,-1.059082,0.09716797,0.32177734,-18.188477,14.221191,29.60205,0.0,0.0,0.0,19.973145,77.909546,18.187866
1768034154761,-1.059082,0.09716797,0.32177734,-18.188477,14.221191,29.60205,0.0,0.0,0.0,34.28833,80.16174,34.25537
1768034154849,-0.8364258,-0.118652344,0.24560547,-17.51709,-19.226074,4.0893555,0.0,0.0,0.0,34.28833,80.16174,34.25537
1768034154861,-0.8364258,-0.118652344,0.24560547,-17.51709,-19.226074,4.0893555,0.0,0.0,0.0,34.365234,78.167725,36.710815
1768034154949,-0.9609375,0.3100586,0.104003906,-2.6245117,-36.8042,21.057129,0.0,0.0,0.0,34.365234,78.167725,36.710815
1768034154961,-0.9609375,0.3100586,0.104003906,-2.6245117,-36.8042,21.057129,0.0,0.0,0.0,27.213135,76.00342,30.162964
1768034155049,-0.8256836,0.048828125,0.23242188,28.259277,18.859863,-18.554688,0.0,0.0,0.0,27.213135,76.00342,30.162964
1768034155060,-0.8256836,0.048828125,0.23242188,28.259277,18.859863,-18.554688,0.0,0.0,0.0,29.509277,75.70679,31.398926
1768034155148,-1.0131836,0.083984375,0.15478516,-11.474609,-20.141602,-6.958008,0.0,0.0,0.0,29.509277,75.70679,31.398926
1768034155160,-1.0131836,0.083984375,0.15478516,-11.474609,-20.141602,-6.958008,0.0,0.0,0.0,25.647583,76.26709,26.021118
1768034155248,-1.1933594,0.087890625,0.083984375,10.437012,17.8833,-1.8920898,0.0,0.0,0.0,25.647583,76.26709,26.021118
1768034155260,-1.1933594,0.087890625,0.083984375,10.437012,17.8833,-1.8920898,0.0,0.0,0.0,23.59314,76.9812,22.675781
1768034155348,-1.1020508,0.09375,0.29052734,-6.8969727,22.033691,-1.953125,0.0,0.0,0.0,23.59314,76.9812,22.675781
1768034155360,-1.1020508,0.09375,0.29052734,-6.8969727,22.033691,-1.953125,0.0,0.0,0.0,30.245361,78.9093,29.674072
1768034155447,-0.8154297,0.017089844,0.37548828,16.967773,10.681152,-13.48877,0.0,0.0,0.0,30.245361,78.9093,29.674072
1768034155459,-0.8154297,0.017089844,0.37548828,16.967773,10.681152,-13.48877,0.0,0.0,0.0,30.036621,80.128784,29.470825
1768034155547,-0.9091797,0.053710938,0.123535156,-24.353027,-74.34082,4.0893555,0.0,0.0,0.0,30.036621,80.128784,29.470825
1768034155559,-0.9091797,0.053710938,0.123535156,-24.353027,-74.34082,4.0893555,0.0,0.0,0.0,20.12146,77.53052,18.358154
1768034155647,-0.84228516,0.13623047,0.20751953,16.540527,9.82666,-9.277344,0.0,0.0,0.0,20.12146,77.53052,18.358154
1768034155658,-0.84228516,0.13623047,0.20751953,16.540527,9.82666,-9.277344,0.0,0.0,0.0,14.842529,75.91553,12.156372
1768034155747,-0.9604492,0.033203125,0.14501953,7.751465,-14.770508,-10.375977,0.0,0.0,0.0,14.842529,75.91553,12.156372
1768034155758,-0.9604492,0.033203125,0.14501953,7.751465,-14.770508,-10.375977,0.0,0.0,0.0,13.408813,75.31677,9.179077
1768034155846,-1.2949219,0.087402344,0.14892578,-7.507324,9.216309,0.8544922,0.0,0.0,0.0,13.408813,75.31677,9.179077
1768034155858,-1.2949219,0.087402344,0.14892578,-7.507324,9.216309,0.8544922,0.0,0.0,0.0,11.942139,75.78369,6.734619
1768034155946,-1.1367188,0.07910156,0.3334961,-0.24414062,17.333984,23.19336,0.0,0.0,0.0,11.942139,75.78369,6.734619
1768034155958,-1.1367188,0.07910156,0.3334961,-0.24414062,17.333984,23.19336,0.0,0.0,0.0,16.699219,77.16797,12.01355
1768034156046,-0.72998047,-0.110839844,0.2915039,-5.92041,6.286621,6.8969727,0.0,0.0,0.0,16.699219,77.16797,12.01355
1768034156057,-0.72998047,-0.110839844,0.2915039,-5.92041,6.286621,6.8969727,0.0,0.0,0.0,24.933472,77.596436,20.500488
1768034156145,-0.9760742,0.24804688,0.24169922,-19.836426,-61.88965,30.700684,0.0,0.0,0.0,24.933472,77.596436,20.500488
1768034156157,-0.9760742,0.24804688,0.24169922,-19.836426,-61.88965,30.700684,0.0,0.0,0.0,21.126709,76.23413,16.490479
1768034156245,-0.8730469,0.080566406,0.10449219,44.128418,-3.479004,-17.944336,0.0,0.0,0.0,21.126709,76.23413,16.490479
1768034156257,-0.8730469,0.080566406,0.10449219,44.128418,-3.479004,-17.944336,0.0,0.0,0.0,21.494751,71.56494,15.166626
1768034156345,-0.97021484,0.032226562,0.25830078,18.798828,22.521973,-20.568848,0.0,0.0,0.0,21.494751,71.56494,15.166626
1768034156357,-0.97021484,0.032226562,0.25830078,18.798828,22.521973,-20.568848,0.0,0.0,0.0,20.187378,75.25635,10.26123
1768034156445,-1.1113281,0.123535156,0.087890625,25.32959,4.272461,-16.052246,0.0,0.0,0.0,20.187378,75.25635,10.26123
1768034156456,-1.1113281,0.123535156,0.087890625,25.32959,4.272461,-16.052246,0.0,0.0,0.0,15.24353,75.5365,3.6749268
1768034156544,-1.2148438,-0.012207031,0.21923828,12.512207,48.339844,-4.4555664,0.0,0.0,0.0,15.24353,75.5365,3.6749268
1768034156556,-1.2148438,-0.012207031,0.21923828,12.512207,48.339844,-4.4555664,0.0,0.0,0.0,18.270264,78.98071,4.5373535
1768034156644,-0.7910156,0.022460938,0.28076172,17.8833,6.4086914,-12.878418,0.0,0.0,0.0,18.270264,78.98071,4.5373535
1768034156655,-0.7910156,0.022460938,0.28076172,17.8833,6.4086914,-12.878418,0.0,0.0,0.0,16.24878,81.864624,0.5493164
1768034156744,-0.93310547,0.0014648438,0.24560547,16.845703,-31.066895,-8.7890625,0.0,0.0,0.0,16.24878,81.864624,0.5493164
1768034156755,-0.93310547,0.0014648438,0.24560547,16.845703,-31.066895,-8.7890625,0.0,0.0,0.0,7.229004,80.83191,-9.992065
1768034156843,-0.82910156,0.10839844,0.055664062,2.6855469,-9.887695,-10.925293,0.0,0.0,0.0,7.229004,80.83191,-9.992065
1768034156855,-0.82910156,0.10839844,0.055664062,2.6855469,-9.887695,-10.925293,0.0,0.0,0.0,3.482666,76.18469,-13.09021
1768034156943,-0.97558594,0.028320312,0.1821289,3.9672852,-8.483887,-12.939453,0.0,0.0,0.0,3.482666,76.18469,-13.09021
1768034156955,-0.97558594,0.028320312,0.1821289,3.9672852,-8.483887,-12.939453,0.0,0.0,0.0,-1.4556885,77.074585,-19.006348
1768034157043,-1.1523438,0.057617188,0.13623047,1.6479492,-8.728027,-5.92041,0.0,0.0,0.0,-1.4556885,77.074585,-19.006348
1768034157054,-1.1523438,0.057617188,0.13623047,1.6479492,-8.728027,-5.92041,0.0,0.0,0.0,-5.125122,76.35498,-23.131714
1768034157143,-1.1557617,0.021484375,0.18310547,10.986328,41.19873,0.4272461,0.0,0.0,0.0,-5.125122,76.35498,-23.131714
1768034157154,-1.1557617,0.021484375,0.18310547,10.986328,41.19873,0.4272461,0.0,0.0,0.0,-4.0759277,77.93152,-23.56018
1768034157242,-0.7817383,-0.1899414,0.26123047,-1.6479492,23.376465,-13.366699,0.0,0.0,0.0,-4.0759277,77.93152,-23.56018
1768034157254,-0.7817383,-0.1899414,0.26123047,-1.6479492,23.376465,-13.366699,0.0,0.0,0.0,-8.239746,81.24939,-28.267822
1768034157342,-0.9863281,-0.037109375,0.29345703,-28.381348,-44.677734,11.71875,0.0,0.0,0.0,-8.239746,81.24939,-28.267822
1768034157353,-0.9863281,-0.037109375,0.29345703,-28.381348,-44.677734,11.71875,0.0,0.0,0.0,-8.778076,80.22217,-26.779175
1768034157442,-0.8544922,0.06542969,0.032714844,10.7421875,-18.249512,1.4648438,0.0,0.0,0.0,-8.778076,80.22217,-26.779175
1768034157453,-0.8544922,0.06542969,0.032714844,10.7421875,-18.249512,1.4648438,0.0,0.0,0.0,2.7575684,73.26782,-12.370605
1768034157541,-0.9394531,-0.064453125,0.2602539,27.70996,27.954102,-16.906738,0.0,0.0,0.0,2.7575684,73.26782,-12.370605
1768034157553,-0.9394531,-0.064453125,0.2602539,27.70996,27.954102,-16.906738,0.0,0.0,0.0,-0.28015137,76.60217,-18.28125
1768034157641,-1.0444336,-4.8828125E-4,0.1430664,-10.498047,-20.812988,2.6855469,0.0,0.0,0.0,-0.28015137,76.60217,-18.28125
1768034157653,-1.0444336,-4.8828125E-4,0.1430664,-10.498047,-20.812988,2.6855469,0.0,0.0,0.0,-1.2194824,75.910034,-19.0448
1768034157741,-1.2636719,-0.13232422,0.18847656,-15.197754,54.56543,20.080566,0.0,0.0,0.0,-1.2194824,75.910034,-19.0448
1768034157752,-1.2636719,-0.13232422,0.18847656,-15.197754,54.56543,20.080566,0.0,0.0,0.0,2.4993896,78.376465,-15.183105
1768034157840,-0.8066406,0.0234375,0.22802734,-45.59326,6.1035156,20.507812,0.0,0.0,0.0,2.4993896,78.376465,-15.183105
1768034157852,-0.8066406,0.0234375,0.22802734,-45.59326,6.1035156,20.507812,0.0,0.0,0.0,4.7790527,81.5625,-9.464722
1768034157940,-0.93847656,0.07080078,0.29785156,13.977051,9.643555,-1.0986328,0.0,0.0,0.0,4.7790527,81.5625,-9.464722
1768034157952,-0.93847656,0.07080078,0.29785156,13.977051,9.643555,-1.0986328,0.0,0.0,0.0,12.623291,82.34802,0.42297363
1768034158040,-0.82177734,0.11816406,0.060058594,-19.104004,-27.648926,10.375977,0.0,0.0,0.0,12.623291,82.34802,0.42297363
1768034158051,-0.82177734,0.11816406,0.060058594,-19.104004,-27.648926,10.375977,0.0,0.0,0.0,11.315918,78.70056,1.642456
1768034158140,-0.91503906,0.087890625,0.16308594,-27.404785,-8.300781,1.8310547,0.0,0.0,0.0,11.315918,78.70056,1.642456
1768034158151,-0.91503906,0.087890625,0.16308594,-27.404785,-8.300781,1.8310547,0.0,0.0,0.0,10.123901,78.722534,2.6916504
1768034158239,-1.1274414,0.06982422,0.049316406,-20.141602,-5.2490234,13.183594,0.0,0.0,0.0,10.123901,78.722534,2.6916504
1768034158251,-1.1274414,0.06982422,0.049316406,-20.141602,-5.2490234,13.183594,0.0,0.0,0.0,12.96936,77.31079,8.00354
1768034158339,-1.1699219,0.16552734,0.119628906,-20.324707,31.433105,19.836426,0.0,0.0,0.0,12.96936,77.31079,8.00354
1768034158351,-1.1699219,0.16552734,0.119628906,-20.324707,31.433105,19.836426,0.0,0.0,0.0,20.978394,78.47534,18.220825
1768034158439,-0.984375,0.022949219,0.24902344,-2.1972656,16.174316,21.057129,0.0,0.0,0.0,20.978394,78.47534,18.220825
1768034158450,-0.984375,0.022949219,0.24902344,-2.1972656,16.174316,21.057129,0.0,0.0,0.0,40.43518,79.18396,38.842163
1768034158538,-0.9604492,-0.14892578,0.26464844,21.057129,4.5166016,-17.089844,0.0,0.0,0.0,40.43518,79.18396,38.842163
1768034158550,-0.9604492,-0.14892578,0.26464844,21.057129,4.5166016,-17.089844,0.0,0.0,0.0,44.038696,80.39795,42.061157
1768034158638,-0.765625,0.2866211,0.03564453,1.7700195,-41.259766,14.892578,0.0,0.0,0.0,44.038696,80.39795,42.061157
1768034158650,-0.765625,0.2866211,0.03564453,1.7700195,-41.259766,14.892578,0.0,0.0,0.0,30.893555,76.0199,30.124512
1768034158738,-0.8769531,0.020019531,0.1953125,27.09961,15.441895,-23.254395,0.0,0.0,0.0,30.893555,76.0199,30.124512
1768034158750,-0.8769531,0.020019531,0.1953125,27.09961,15.441895,-23.254395,0.0,0.0,0.0,31.657104,77.56897,29.267578
1768034158838,-1.0507812,0.13476562,0.12939453,18.066406,-30.761719,-10.7421875,0.0,0.0,0.0,31.657104,77.56897,29.267578
1768034158849,-1.0507812,0.13476562,0.12939453,18.066406,-30.761719,-10.7421875,0.0,0.0,0.0,24.224854,76.40991,21.176147
1768034158937,-1.21875,0.092285156,0.10205078,-0.12207031,29.174805,-1.6479492,0.0,0.0,0.0,24.224854,76.40991,21.176147
1768034158950,-1.21875,0.092285156,0.10205078,-0.12207031,29.174805,-1.6479492,0.0,0.0,0.0,22.890015,77.178955,18.209839
1768034159037,-0.96191406,0.06591797,0.2841797,2.319336,16.540527,-8.850098,0.0,0.0,0.0,22.890015,77.178955,18.209839
1768034159049,-0.96191406,0.06591797,0.2841797,2.319336,16.540527,-8.850098,0.0,0.0,0.0,28.970947,80.496826,24.301758